# radius density temperature c12 ne20 ne22
616
2.000000000000000e+05  2.224564997309651e+09  8.235110613662282e+08  1.388669026133691e-01  2.321620696942732e-01  5.532719877198147e-02
6.000000000000000e+05  2.224302768309524e+09  8.234564503328811e+08  1.388669307601916e-01  2.321620349627051e-01  5.532719855488010e-02
1.000000000000000e+06  2.223778642550586e+09  8.233368706465474e+08  1.388670090409726e-01  2.321619383719299e-01  5.532719795064391e-02
1.400000000000000e+06  2.222993523660945e+09  8.231203254971981e+08  1.388671881898577e-01  2.321617173454563e-01  5.532719656487754e-02
1.800000000000000e+06  2.221944841924911e+09  8.229463039861523e+08  1.388673365259734e-01  2.321615343383322e-01  5.532719541702776e-02
2.200000000000000e+06  2.220636019595533e+09  8.226737162616904e+08  1.388675977163738e-01  2.321612121488497e-01  5.532719339082506e-02
2.600000000000000e+06  2.219066543353482e+09  8.223549479577142e+08  1.388679260524204e-01  2.321608071997245e-01  5.532719083742994e-02
3.000000000000000e+06  2.217237070450601e+09  8.219920241290883e+08  1.388683229584433e-01  2.321603177746403e-01  5.532718774249445e-02
3.400000000000000e+06  2.215148538456125e+09  8.215790647440187e+08  1.388687956286146e-01  2.321597350459639e-01  5.532718404669965e-02
3.800000000000000e+06  2.212802048556592e+09  8.211078029701245e+08  1.388693527921744e-01  2.321590482864823e-01  5.532717967949777e-02
4.200000000000000e+06  2.210198462083647e+09  8.205868755716076e+08  1.388699901073785e-01  2.321582629366566e-01  5.532717466842031e-02
4.600000000000000e+06  2.207338946969075e+09  8.200156339155828e+08  1.388707092287546e-01  2.321573770352605e-01  5.532716899543184e-02
5.000000000000000e+06  2.204224757388547e+09  8.193946333465554e+08  1.388715111943639e-01  2.321563893866182e-01  5.532716264683935e-02
5.400000000000000e+06  2.200857222370100e+09  8.187261366457078e+08  1.388723931803092e-01  2.321553034992661e-01  5.532715564322963e-02
5.800000000000000e+06  2.197237511219761e+09  8.180253682866259e+08  1.388733410348076e-01  2.321541372195643e-01  5.532714807061898e-02
6.200000000000000e+06  2.193367363432393e+09  8.172853474424049e+08  1.388743612468303e-01  2.321528823644842e-01  5.532713988956673e-02
6.600000000000000e+06  2.189248717924745e+09  8.164945541930979e+08  1.388754663989649e-01  2.321515236892897e-01  5.532713098735006e-02
7.000000000000000e+06  2.184883338891118e+09  8.156549082876250e+08  1.388766542230540e-01  2.321500639495362e-01  5.532712138388182e-02
7.400000000000000e+06  2.180273280009756e+09  8.147593120559455e+08  1.388779311542936e-01  2.321484954064130e-01  5.532711101839284e-02
7.800000000000000e+06  2.175420385456839e+09  8.138156965365872e+08  1.388792880521178e-01  2.321468293842821e-01  5.532709995943383e-02
8.200000000000000e+06  2.170326243160727e+09  8.128493683230962e+08  1.388806931724002e-01  2.321451055788968e-01  5.532708842548959e-02
8.600000000000000e+06  2.164993650295012e+09  8.118317436544461e+08  1.388821802076620e-01  2.321432821599255e-01  5.532707616902258e-02
9.000000000000000e+06  2.159425079464286e+09  8.107544983978354e+08  1.388837588642471e-01  2.321413472196991e-01  5.532706311134795e-02
9.400000000000000e+06  2.153622663852742e+09  8.096304109264507e+08  1.388854117345142e-01  2.321393224957415e-01  5.532704937449465e-02
9.800000000000000e+06  2.147588616628992e+09  8.084729797401239e+08  1.388871183479939e-01  2.321372335614308e-01  5.532703510180141e-02
1.020000000000000e+07  2.141325765251491e+09  8.072701138566251e+08  1.388888932037337e-01  2.321350625254679e-01  5.532702018110022e-02
1.060000000000000e+07  2.134836695026414e+09  8.060258297161813e+08  1.388907303027395e-01  2.321328169143259e-01  5.532700465303424e-02
1.100000000000000e+07  2.128121867057833e+09  8.048531917159607e+08  1.388924602016229e-01  2.321307041220583e-01  5.532698993593450e-02
1.140000000000000e+07  2.121191244357360e+09  8.034011129937720e+08  1.388945991624260e-01  2.321280925488482e-01  5.532697169503600e-02
1.180000000000000e+07  2.114040568743213e+09  8.020227245965760e+08  1.388966212963347e-01  2.321256259546225e-01  5.532695432654577e-02
1.220000000000000e+07  2.106675180802092e+09  8.006028212893544e+08  1.388986982362724e-01  2.321230944190064e-01  5.532693638651405e-02
1.260000000000000e+07  2.099098270427114e+09  7.991356349727095e+08  1.389008366330049e-01  2.321204897181464e-01  5.532691782379836e-02
1.300000000000000e+07  2.091299600224909e+09  7.982894255833637e+08  1.389020597223785e-01  2.321190016861835e-01  5.532690711370995e-02
1.340000000000000e+07  2.083321939540330e+09  7.960923839372504e+08  1.389052300889525e-01  2.321151454272593e-01  5.532687930668989e-02
1.380000000000000e+07  2.075129247031034e+09  7.945030114443884e+08  1.389075067567894e-01  2.321123789981743e-01  5.532685919155601e-02
1.420000000000000e+07  2.066737835067851e+09  7.928770168659027e+08  1.389098158411792e-01  2.321095757664155e-01  5.532683865365962e-02
1.460000000000000e+07  2.058151216233217e+09  7.912099105148067e+08  1.389121648307521e-01  2.321067264218738e-01  5.532681763732052e-02
1.500000000000000e+07  2.049372846615878e+09  7.895031631641881e+08  1.389145499130986e-01  2.321038357242268e-01  5.532679616894231e-02
1.540000000000000e+07  2.040393485637905e+09  7.884062602613198e+08  1.389160715268633e-01  2.321019929256756e-01  5.532678239877647e-02
1.580000000000000e+07  2.031255091834707e+09  7.859740358491435e+08  1.389194219454043e-01  2.320979385353408e-01  5.532675190396955e-02
1.620000000000000e+07  2.021911607879765e+09  7.847295250825348e+08  1.389211315433663e-01  2.320958717341843e-01  5.532673623427325e-02
1.660000000000000e+07  2.012413651874521e+09  7.822847733126812e+08  1.389244840610214e-01  2.320918216331511e-01  5.532670534863569e-02
1.700000000000000e+07  2.002730729704432e+09  7.803801364403305e+08  1.389270861957814e-01  2.320886811981257e-01  5.532668120260258e-02
1.740000000000000e+07  1.992875483378793e+09  7.785559613224547e+08  1.389295667543593e-01  2.320856907574822e-01  5.532665800326635e-02
1.780000000000000e+07  1.982851356104744e+09  7.768352731916250e+08  1.389319007005715e-01  2.320828785395639e-01  5.532663609208444e-02
1.820000000000000e+07  1.972677089980280e+09  7.744483588477538e+08  1.389351224938884e-01  2.320789998815584e-01  5.532660565604972e-02
1.860000000000000e+07  1.962338768323535e+09  7.723164232579514e+08  1.389379788662398e-01  2.320755652371593e-01  5.532657843787723e-02
1.900000000000000e+07  1.951839183488542e+09  7.705050829260682e+08  1.389403941260796e-01  2.320726630402868e-01  5.532655530464390e-02
1.940000000000000e+07  1.941198135445317e+09  7.681883344243826e+08  1.389434685919610e-01  2.320689712665552e-01  5.532652570947147e-02
1.980000000000000e+07  1.930417384677363e+09  7.654763308500847e+08  1.389470359989412e-01  2.320646924046835e-01  5.532649108264544e-02
2.020000000000000e+07  1.919483880182138e+09  7.632673961999589e+08  1.389499207379319e-01  2.320612353468501e-01  5.532646290212827e-02
2.060000000000000e+07  1.908409786451102e+09  7.611381387000171e+08  1.389526757588302e-01  2.320579370875091e-01  5.532643578429506e-02
2.100000000000000e+07  1.897194280109755e+09  7.593507832147886e+08  1.389549822900310e-01  2.320551764947623e-01  5.532641303489081e-02
2.140000000000000e+07  1.885861880274695e+09  7.568140760554250e+08  1.389582198131213e-01  2.320513060106354e-01  5.532638082950139e-02
2.180000000000000e+07  1.874384244647136e+09  7.552608700968559e+08  1.389601931384359e-01  2.320489479419350e-01  5.532636113237778e-02
2.220000000000000e+07  1.862808567018360e+09  7.523762477861683e+08  1.389638257159048e-01  2.320446105798652e-01  5.532632464984235e-02
2.260000000000000e+07  1.851104803606829e+09  7.499892076537968e+08  1.389667984875009e-01  2.320410644712031e-01  5.532629456760108e-02
2.300000000000000e+07  1.839286951403974e+09  7.475676289163946e+08  1.389697964864389e-01  2.320374900557045e-01  5.532626411025369e-02
2.340000000000000e+07  1.827357872790057e+09  7.451771997771472e+08  1.389727225399067e-01  2.320340045649186e-01  5.532623416851679e-02
2.380000000000000e+07  1.815325900990205e+09  7.425834959707242e+08  1.389758724867951e-01  2.320302546742644e-01  5.532620177427564e-02
2.420000000000000e+07  1.803194501333472e+09  7.398152896902821e+08  1.389792029183107e-01  2.320262926493895e-01  5.532616732855024e-02
2.460000000000000e+07  1.790946689099747e+09  7.380391401314218e+08  1.389813224482369e-01  2.320237726170189e-01  5.532614530038012e-02
2.500000000000000e+07  1.778628263393692e+09  7.349425521208895e+08  1.389849836865130e-01  2.320194222928494e-01  5.532610704360238e-02
2.540000000000000e+07  1.766201764571071e+09  7.328274985962137e+08  1.389874632509328e-01  2.320164776496733e-01  5.532608101065537e-02
2.580000000000000e+07  1.753705027482149e+09  7.298071291551957e+08  1.389909683409966e-01  2.320123177286403e-01  5.532604400453367e-02
2.620000000000000e+07  1.741120620234597e+09  7.270775819457843e+08  1.389941040466049e-01  2.320085984235012e-01  5.532601071599350e-02
2.660000000000000e+07  1.728450945585684e+09  7.247361797598165e+08  1.389967715060432e-01  2.320054360131424e-01  5.532598227131365e-02
2.700000000000000e+07  1.715715792659791e+09  7.218861056757060e+08  1.389999882013378e-01  2.320016243975563e-01  5.532594780031477e-02
2.740000000000000e+07  1.702903266657723e+09  7.194292888316721e+08  1.390027366229941e-01  2.319983691418579e-01  5.532591821385103e-02
2.780000000000000e+07  1.690032830042584e+09  7.164768969835254e+08  1.390060082074679e-01  2.319944960763808e-01  5.532588282437171e-02
2.820000000000000e+07  1.677106062849063e+09  7.131542431108950e+08  1.390096545605367e-01  2.319901813527823e-01  5.532584318518304e-02
2.860000000000000e+07  1.664099680075845e+09  7.110443511570539e+08  1.390119462871547e-01  2.319874708094267e-01  5.532581814442444e-02
2.900000000000000e+07  1.651051673966115e+09  7.081706274811642e+08  1.390150454696620e-01  2.319838063679815e-01  5.532578416205756e-02
2.940000000000000e+07  1.637951402908222e+09  7.053737562764132e+08  1.390180347325470e-01  2.319802732238254e-01  5.532575123858447e-02
2.980000000000000e+07  1.624805588807596e+09  7.024855438551036e+08  1.390210947143303e-01  2.319766577426131e-01  5.532571739234943e-02
3.020000000000000e+07  1.611616596548612e+09  6.995921300586027e+08  1.390241330012787e-01  2.319730690934978e-01  5.532568364132276e-02
3.060000000000000e+07  1.598388663479723e+09  6.966684066440282e+08  1.390271764362651e-01  2.319694754917266e-01  5.532564968992458e-02
3.100000000000000e+07  1.585127651744416e+09  6.935701895642965e+08  1.390303770290574e-01  2.319656973062898e-01  5.532561385349200e-02
3.140000000000000e+07  1.571830875700942e+09  6.906591122189063e+08  1.390333527495111e-01  2.319621857765402e-01  5.532558036812747e-02
3.180000000000000e+07  1.558506336723601e+09  6.876819832079196e+08  1.390363736693004e-01  2.319586217076058e-01  5.532554625320880e-02
3.220000000000000e+07  1.545155710022421e+09  6.847621286675144e+08  1.390393129427082e-01  2.319551547771365e-01  5.532551293237412e-02
3.260000000000000e+07  1.531777057072751e+09  6.822455537592505e+08  1.390418287338000e-01  2.319521879295623e-01  5.532548431656865e-02
3.300000000000000e+07  1.518396599104385e+09  6.787291644900368e+08  1.390453152113110e-01  2.319480772628386e-01  5.532544450098473e-02
3.340000000000000e+07  1.504993315385071e+09  6.757210942462527e+08  1.390482739158778e-01  2.319445895572245e-01  5.532541058136561e-02
3.380000000000000e+07  1.491570732013606e+09  6.732263831999048e+08  1.390507124439190e-01  2.319417154613917e-01  5.532538254043727e-02
3.420000000000000e+07  1.478156082047907e+09  6.697402614653906e+08  1.390540936838577e-01  2.319377309731139e-01  5.532534351064848e-02
3.460000000000000e+07  1.464730090808558e+09  6.666740539784487e+08  1.390570449282116e-01  2.319342537831365e-01  5.532530931201461e-02
3.500000000000000e+07  1.451305457107130e+09  6.634274471900429e+08  1.390601478266315e-01  2.319305984337063e-01  5.532527323022465e-02
3.540000000000000e+07  1.437872545181139e+09  6.608210361466872e+08  1.390626229442110e-01  2.319276830025381e-01  5.532524435464005e-02
3.580000000000000e+07  1.424453208188644e+09  6.576491920390365e+08  1.390656176045501e-01  2.319241559884810e-01  5.532520931333338e-02
3.620000000000000e+07  1.411049367067101e+09  6.539668883463956e+08  1.390690680501477e-01  2.319200927112621e-01  5.532516877950880e-02
3.660000000000000e+07  1.397643505779622e+09  6.511107541786920e+08  1.390717274594487e-01  2.319169613019860e-01  5.532513743299166e-02
3.700000000000000e+07  1.384250341273608e+09  6.483209148081409e+08  1.390743112928130e-01  2.319139191433100e-01  5.532510689043461e-02
3.740000000000000e+07  1.370878640400511e+09  6.452049744595515e+08  1.390771804138072e-01  2.319105413989315e-01  5.532507286710082e-02
3.780000000000000e+07  1.357532046980243e+09  6.416982263705055e+08  1.390803900778526e-01  2.319067630793149e-01  5.532503467803430e-02
3.820000000000000e+07  1.344206549842139e+09  6.382498152626997e+08  1.390835260638729e-01  2.319030718302209e-01  5.532499722844182e-02
3.860000000000000e+07  1.330901820595252e+09  6.350718251162695e+08  1.390864030245850e-01  2.318996856828144e-01  5.532496277918295e-02
3.900000000000000e+07  1.317624989329021e+09  6.318692671422429e+08  1.390892843435363e-01  2.318962946827265e-01  5.532492815511418e-02
3.940000000000000e+07  1.304403721808911e+09  6.269116724812104e+08  1.390937147900012e-01  2.318910809758524e-01  5.532487469213621e-02
3.980000000000000e+07  1.291164725013528e+09  6.254388921342523e+08  1.390950270857567e-01  2.318895367335473e-01  5.532485882648325e-02
4.020000000000000e+07  1.277986811102252e+09  6.222113031211293e+08  1.390978881160191e-01  2.318861702402222e-01  5.532482412470190e-02
4.060000000000000e+07  1.264847032989804e+09  6.189764489821165e+08  1.391007425605802e-01  2.318828116709786e-01  5.532478939869077e-02
4.100000000000000e+07  1.251747276075247e+09  6.157347896988668e+08  1.391035903142434e-01  2.318794611496852e-01  5.532475464844015e-02
4.140000000000000e+07  1.238689878100346e+09  6.124866314466374e+08  1.391064313312977e-01  2.318761187289149e-01  5.532471987390817e-02
4.180000000000000e+07  1.225677325067226e+09  6.092320593922331e+08  1.391092657042197e-01  2.318727842841724e-01  5.532468507508780e-02
4.220000000000000e+07  1.212711948860558e+09  6.059722013403320e+08  1.391120935058575e-01  2.318694577223763e-01  5.532465025524303e-02
4.260000000000000e+07  1.199795967332057e+09  6.027073834773040e+08  1.391149147251205e-01  2.318661390486409e-01  5.532461541388746e-02
4.300000000000000e+07  1.186914004644200e+09  6.007290373374836e+08  1.391166157388111e-01  2.318641382155488e-01  5.532459432331006e-02
4.340000000000000e+07  1.174120711176863e+09  5.961637558990049e+08  1.391205375737352e-01  2.318595251627616e-01  5.532454566230562e-02
4.380000000000000e+07  1.161365167701170e+09  5.928857865639482e+08  1.391233393053328e-01  2.318562298316487e-01  5.532451075106259e-02
4.420000000000000e+07  1.148666874148302e+09  5.896053902544072e+08  1.391261343163657e-01  2.318529425213398e-01  5.532447582816875e-02
4.460000000000000e+07  1.136047069956774e+09  5.848408527570431e+08  1.391301760046454e-01  2.318481892011751e-01  5.532442512453290e-02
4.500000000000000e+07  1.123448901823243e+09  5.830349537705650e+08  1.391317053063234e-01  2.318463906663048e-01  5.532440590841103e-02
4.540000000000000e+07  1.110932805962924e+09  5.797466337158167e+08  1.391344810197850e-01  2.318431264235090e-01  5.532437092241300e-02
4.580000000000000e+07  1.098480728088314e+09  5.764576246680369e+08  1.391372498736790e-01  2.318398703621136e-01  5.532433592727842e-02
4.620000000000000e+07  1.086094277038853e+09  5.731661837993855e+08  1.391400128122505e-01  2.318366213765027e-01  5.532430090122775e-02
4.660000000000000e+07  1.073754784638317e+09  5.714718636926960e+08  1.391414309347513e-01  2.318349538483950e-01  5.532428286569255e-02
4.700000000000000e+07  1.061524639313267e+09  5.665787472270527e+08  1.391455204183890e-01  2.318301452522565e-01  5.532423076994947e-02
4.740000000000000e+07  1.049344191589719e+09  5.632868439374794e+08  1.391482636174408e-01  2.318269198084967e-01  5.532419570048635e-02
4.780000000000000e+07  1.037235402116638e+09  5.599943064236801e+08  1.391510007532046e-01  2.318237016131262e-01  5.532416060696123e-02
4.820000000000000e+07  1.025199720007859e+09  5.567017267432513e+08  1.391537318673726e-01  2.318204906120474e-01  5.532412548829893e-02
4.860000000000000e+07  1.013251354256269e+09  5.523575412702148e+08  1.391573252705275e-01  2.318162660057689e-01  5.532407910336188e-02
4.900000000000000e+07  1.001353079829068e+09  5.501199451073813e+08  1.391591749180063e-01  2.318140914797546e-01  5.532405520399428e-02
4.940000000000000e+07  9.895442475134861e+08  5.468317488640091e+08  1.391618867550918e-01  2.318109034689509e-01  5.532402003994408e-02
4.980000000000000e+07  9.777944394330006e+08  5.451327168703091e+08  1.391632854911290e-01  2.318092591837638e-01  5.532400185185009e-02
5.020000000000000e+07  9.661616316282717e+08  5.402621179347489e+08  1.391672910524530e-01  2.318045505366783e-01  5.532394967388737e-02
5.060000000000000e+07  9.545900653135446e+08  5.369810653173807e+08  1.391699836385815e-01  2.318013854813695e-01  5.532391446953193e-02
5.100000000000000e+07  9.430997934207170e+08  5.337042030578378e+08  1.391726690626175e-01  2.317982289373758e-01  5.532387926593733e-02
5.140000000000000e+07  9.316917492890930e+08  5.304307758715762e+08  1.391753478924941e-01  2.317950802511253e-01  5.532384405355409e-02
5.180000000000000e+07  9.203728261443493e+08  5.266284272987012e+08  1.391784544706323e-01  2.317914289512797e-01  5.532380307169196e-02
5.220000000000000e+07  9.091255738154358e+08  5.238926110552789e+08  1.391806881911164e-01  2.317888036114115e-01  5.532377355689787e-02
5.260000000000000e+07  8.979697243826370e+08  5.205631702727808e+08  1.391834024252700e-01  2.317856136642195e-01  5.532373755774164e-02
5.300000000000000e+07  8.868975560742253e+08  5.173740985562165e+08  1.391860009785134e-01  2.317825597132812e-01  5.532370305110923e-02
5.340000000000000e+07  8.759120101630328e+08  5.141211154077379e+08  1.391886482206718e-01  2.317794486876251e-01  5.532366777306767e-02
5.380000000000000e+07  8.650129151784437e+08  5.108735284269387e+08  1.391912886269396e-01  2.317763457863614e-01  5.532363249248982e-02
5.420000000000000e+07  8.542008599078168e+08  5.076319470351881e+08  1.391939221278416e-01  2.317732511102740e-01  5.532359721155784e-02
5.460000000000000e+07  8.434764214268314e+08  5.043969468427891e+08  1.391965484538668e-01  2.317701649657263e-01  5.532356193676138e-02
5.500000000000000e+07  8.328401772359395e+08  5.011683242498652e+08  1.391991678697962e-01  2.317670870392443e-01  5.532352666214309e-02
5.540000000000000e+07  8.222927173426142e+08  4.979441961374762e+08  1.392017819088275e-01  2.317640155433624e-01  5.532349135942812e-02
5.580000000000000e+07  8.118345972267545e+08  4.947256013311076e+08  1.392043900205865e-01  2.317609511169637e-01  5.532345604080730e-02
5.620000000000000e+07  8.014663442678151e+08  4.915161498481301e+08  1.392069894344673e-01  2.317578969994800e-01  5.532342075645949e-02
5.660000000000000e+07  7.912014929814124e+08  4.870162039067456e+08  1.392106323120945e-01  2.317536170684494e-01  5.532337115108876e-02
5.700000000000000e+07  7.809999984298120e+08  4.851204593955235e+08  1.392121665035242e-01  2.317518146398219e-01  5.532335021171634e-02
5.740000000000000e+07  7.709027462699682e+08  4.819317278372824e+08  1.392147462737956e-01  2.317487839090693e-01  5.532331491476505e-02
5.780000000000000e+07  7.608978295676044e+08  4.786310727113516e+08  1.392174157791529e-01  2.317456478906715e-01  5.532327827580003e-02
5.820000000000000e+07  7.509818961578912e+08  4.755812104016286e+08  1.392198822210177e-01  2.317427504659978e-01  5.532324438485513e-02
5.860000000000000e+07  7.411587960433180e+08  4.724185960607113e+08  1.392224393492695e-01  2.317397466330332e-01  5.532320912992144e-02
5.900000000000000e+07  7.314274210032735e+08  4.692634375448042e+08  1.392249900817595e-01  2.317367504210232e-01  5.532317387463045e-02
5.940000000000000e+07  7.217878068369534e+08  4.661172489713877e+08  1.392275334599591e-01  2.317337629453195e-01  5.532313863376884e-02
5.980000000000000e+07  7.122399609169779e+08  4.629802489523505e+08  1.392300693135649e-01  2.317307843987086e-01  5.532310340745308e-02
6.020000000000000e+07  7.027989704061801e+08  4.582558444298193e+08  1.392338884271146e-01  2.317262987733128e-01  5.532305017907082e-02
6.060000000000000e+07  6.934192591455693e+08  4.567359813257195e+08  1.392351170936608e-01  2.317248557005388e-01  5.532303302784673e-02
6.100000000000000e+07  6.841465122946140e+08  4.536307651209306e+08  1.392376275852368e-01  2.317219072366198e-01  5.532299790393962e-02
6.140000000000000e+07  6.749654641005589e+08  4.505274712689624e+08  1.392401368371628e-01  2.317189603456819e-01  5.532296268913466e-02
6.180000000000000e+07  6.658698338223673e+08  4.481100391119837e+08  1.392420918288549e-01  2.317166644483080e-01  5.532293518965101e-02
6.220000000000000e+07  6.568780865380454e+08  4.443608425408162e+08  1.392451241128466e-01  2.317131034877728e-01  5.532289246546587e-02
6.260000000000000e+07  6.479716440650725e+08  4.412957357469391e+08  1.392476036582083e-01  2.317101917484636e-01  5.532285742950502e-02
6.300000000000000e+07  6.391567470862443e+08  4.382392347603408e+08  1.392500768060745e-01  2.317072876223681e-01  5.532282239477020e-02
6.340000000000000e+07  6.304292165265828e+08  4.356500966517794e+08  1.392521724150328e-01  2.317048269254617e-01  5.532279262000807e-02
6.380000000000000e+07  6.218006360197273e+08  4.321550335454465e+08  1.392550016351827e-01  2.317015048693454e-01  5.532275237172982e-02
6.420000000000000e+07  6.132588055674857e+08  4.291292256378627e+08  1.392574518700543e-01  2.316986279271408e-01  5.532271740929834e-02
6.460000000000000e+07  6.048110038970127e+08  4.257317836705965e+08  1.392602038511514e-01  2.316953968201855e-01  5.532267803563490e-02
6.500000000000000e+07  5.964471509778427e+08  4.231142342173399e+08  1.392623245732151e-01  2.316929069308004e-01  5.532264764088841e-02
6.540000000000000e+07  5.881808986243379e+08  4.196479449840898e+08  1.392651340997353e-01  2.316896084761875e-01  5.532260725037211e-02
6.580000000000000e+07  5.799965385374197e+08  4.171453854506972e+08  1.392671628963133e-01  2.316872266647544e-01  5.532257804171704e-02
6.620000000000000e+07  5.719057701718550e+08  4.141783630204098e+08  1.392695691330822e-01  2.316844018399046e-01  5.532254330738953e-02
6.660000000000000e+07  5.639049242485921e+08  4.111254394318146e+08  1.392720459321055e-01  2.316814942956578e-01  5.532250745379449e-02
6.700000000000000e+07  5.559911917781559e+08  4.082773581010519e+08  1.392743569903586e-01  2.316787813706917e-01  5.532247395136655e-02
6.740000000000000e+07  5.481737763053523e+08  4.044375200910271e+08  1.392774740048785e-01  2.316751224963251e-01  5.532242862796512e-02
6.780000000000000e+07  5.404295627485591e+08  4.024282740211483e+08  1.392791054527625e-01  2.316732074904429e-01  5.532240486080724e-02
6.820000000000000e+07  5.327851996000078e+08  3.988787089720834e+08  1.392819885978322e-01  2.316698233683686e-01  5.532236273947327e-02
6.860000000000000e+07  5.252177310385113e+08  3.966257662018274e+08  1.392838188312051e-01  2.316676751503662e-01  5.532233596704220e-02
6.900000000000000e+07  5.177471658779052e+08  3.930762586106445e+08  1.392867033068544e-01  2.316642896722587e-01  5.532229364643856e-02
6.940000000000000e+07  5.103535468764372e+08  3.907461996430262e+08  1.392885971826441e-01  2.316620669113368e-01  5.532226580629107e-02
6.980000000000000e+07  5.030491036994780e+08  3.880208205488322e+08  1.392908127129889e-01  2.316594666972390e-01  5.532223318992236e-02
7.020000000000000e+07  4.958329057606151e+08  3.849014158856948e+08  1.392933491636822e-01  2.316564899636271e-01  5.532219573342138e-02
7.060000000000000e+07  4.886973899890492e+08  3.823346216075538e+08  1.392954365791715e-01  2.316540402898110e-01  5.532216484139790e-02
7.100000000000000e+07  4.816481761526983e+08  3.795311747052789e+08  1.392977165679660e-01  2.316513646573002e-01  5.532213107077937e-02
7.140000000000000e+07  4.746830480256483e+08  3.767235300189469e+08  1.393000002837881e-01  2.316486847668036e-01  5.532209713999305e-02
7.180000000000000e+07  4.677974597745333e+08  3.744702244892107e+08  1.393018331424182e-01  2.316465340201293e-01  5.532206984632612e-02
7.220000000000000e+07  4.610024991838422e+08  3.711547247705278e+08  1.393045300227453e-01  2.316433694557115e-01  5.532202964109773e-02
7.260000000000000e+07  4.542919203058124e+08  3.675278605495932e+08  1.393074799530770e-01  2.316399081085961e-01  5.532198551885441e-02
7.300000000000000e+07  4.476506973253850e+08  3.656400603717266e+08  1.393090152946369e-01  2.316381066298543e-01  5.532196252598049e-02
7.340000000000000e+07  4.410997725809492e+08  3.624433722410253e+08  1.393116146349407e-01  2.316350568293150e-01  5.532192349801204e-02
7.380000000000000e+07  4.346207749079307e+08  3.604737883428192e+08  1.393132157838743e-01  2.316331782613213e-01  5.532189940895403e-02
7.420000000000000e+07  4.282287759775030e+08  3.574685224652126e+08  1.393156584968718e-01  2.316303123623824e-01  5.532186261398167e-02
7.460000000000000e+07  4.219169778411044e+08  3.543057558156941e+08  1.393182279414961e-01  2.316272979099140e-01  5.532182380588228e-02
7.500000000000000e+07  4.156772552138836e+08  3.521170506003250e+08  1.393200052718231e-01  2.316252128156816e-01  5.532179690889280e-02
7.540000000000000e+07  4.095190808424553e+08  3.494210182258042e+08  1.393221938050389e-01  2.316226453571399e-01  5.532176374366250e-02
7.580000000000000e+07  4.034382099175996e+08  3.467670899910285e+08  1.393243468058447e-01  2.316201196823569e-01  5.532173104511377e-02
7.620000000000000e+07  3.974342344764224e+08  3.441261287065705e+08  1.393264878110576e-01  2.316176081470371e-01  5.532169846645545e-02
7.660000000000000e+07  3.915064484459827e+08  3.414719531032249e+08  1.393286375204740e-01  2.316150864859201e-01  5.532166567798938e-02
7.700000000000000e+07  3.856538789146410e+08  3.388829984624670e+08  1.393307331597506e-01  2.316126282927465e-01  5.532163366843675e-02
7.740000000000000e+07  3.798796000667099e+08  3.357842936732293e+08  1.393332383123519e-01  2.316096898559805e-01  5.532159532434420e-02
7.780000000000000e+07  3.741734410301528e+08  3.336986402305474e+08  1.393349230194887e-01  2.316077138098323e-01  5.532156949618857e-02
7.820000000000000e+07  3.685468385963979e+08  3.306939921517766e+08  1.393373464540952e-01  2.316048713767749e-01  5.532153225911143e-02
7.860000000000000e+07  3.629879374761578e+08  3.285695819481760e+08  1.393390582127002e-01  2.316028637034821e-01  5.532150592046059e-02
7.900000000000000e+07  3.575010745799661e+08  3.265230204424224e+08  1.393407040664537e-01  2.316009334054004e-01  5.532148053824203e-02
7.940000000000000e+07  3.520918371841582e+08  3.234948498842022e+08  1.393431376320235e-01  2.315980792764958e-01  5.532144297964925e-02
7.980000000000000e+07  3.467526961417537e+08  3.206002858063757e+08  1.393454580518814e-01  2.315953579747840e-01  5.532140706957413e-02
8.020000000000000e+07  3.414755690299814e+08  3.191171069702346e+08  1.393466449598449e-01  2.315939660412728e-01  5.532138867404011e-02
8.060000000000000e+07  3.362777203838067e+08  3.159938055018630e+08  1.393491412513595e-01  2.315910385871149e-01  5.532134994016187e-02
8.100000000000000e+07  3.311450296638923e+08  3.135195379678941e+08  1.393511130053323e-01  2.315887263701041e-01  5.532131927929988e-02
8.140000000000000e+07  3.260805975744459e+08  3.110652854088446e+08  1.393530648782638e-01  2.315864374741973e-01  5.532128888209733e-02
8.180000000000000e+07  3.210839305872919e+08  3.086147762593491e+08  1.393550073961029e-01  2.315841596589933e-01  5.532125856466352e-02
8.220000000000000e+07  3.161550830131650e+08  3.060451971414564e+08  1.393570385598594e-01  2.315817779510847e-01  5.532122681660701e-02
8.260000000000000e+07  3.112908892831276e+08  3.037683912070235e+08  1.393588343844629e-01  2.315796722167739e-01  5.532119871079742e-02
8.300000000000000e+07  3.064910883444908e+08  3.017444790873895e+08  1.393604250608756e-01  2.315778071151741e-01  5.532117377264762e-02
8.340000000000000e+07  3.017584883785529e+08  2.993530995287441e+08  1.393622994235222e-01  2.315756094102264e-01  5.532114434876628e-02
8.380000000000000e+07  2.970922973261206e+08  2.966046911632824e+08  1.393644451093020e-01  2.315730936860613e-01  5.532111060699869e-02
8.420000000000000e+07  2.924869098280210e+08  2.944208019650830e+08  1.393661419389757e-01  2.315711042084456e-01  5.532108387585793e-02
8.460000000000000e+07  2.879464332552081e+08  2.918991627596735e+08  1.393680949959454e-01  2.315688143672009e-01  5.532105307520968e-02
8.500000000000000e+07  2.834641677777395e+08  2.901887460386884e+08  1.393694119082391e-01  2.315672704735663e-01  5.532103226048551e-02
8.540000000000000e+07  2.790499548775608e+08  2.872491689427727e+08  1.393716692297136e-01  2.315646240435363e-01  5.532099655563384e-02
8.580000000000000e+07  2.746941405746137e+08  2.848022251052097e+08  1.393735330602604e-01  2.315624390360925e-01  5.532096701242075e-02
8.620000000000000e+07  2.703971045019445e+08  2.826576458887485e+08  1.393751629381953e-01  2.315605283284045e-01  5.532094115873511e-02
8.660000000000000e+07  2.661622881087736e+08  2.799959941381992e+08  1.393771682627065e-01  2.315581775047045e-01  5.532090928495730e-02
8.700000000000000e+07  2.619831102266512e+08  2.780135572775959e+08  1.393786520064361e-01  2.315564381844367e-01  5.532088566683464e-02
8.740000000000000e+07  2.578631497131912e+08  2.758740284868258e+08  1.393802477257733e-01  2.315545676326774e-01  5.532086024817887e-02
8.780000000000000e+07  2.538055331874284e+08  2.727919715772430e+08  1.393825220967906e-01  2.315519016050773e-01  5.532082394509451e-02
8.820000000000000e+07  2.497968259585255e+08  2.714240577174962e+08  1.393835266722905e-01  2.315507240500341e-01  5.532080789459136e-02
8.860000000000000e+07  2.458485657240924e+08  2.692176122972778e+08  1.393851325467419e-01  2.315488417150224e-01  5.532078220249400e-02
8.900000000000000e+07  2.419579384483551e+08  2.666277408984900e+08  1.393869981508424e-01  2.315466549942646e-01  5.532075231398711e-02
8.940000000000000e+07  2.381188150103684e+08  2.648487246025007e+08  1.393882717484291e-01  2.315451622024092e-01  5.532073189185995e-02
8.980000000000000e+07  2.343372196437773e+08  2.624468110189724e+08  1.393899683358653e-01  2.315431736581071e-01  5.532070463867520e-02
9.020000000000000e+07  2.306067953665029e+08  2.606645627621471e+08  1.393912189319871e-01  2.315417078766369e-01  5.532068453562682e-02
9.060000000000000e+07  2.269289173860743e+08  2.590687341392855e+08  1.393923290230959e-01  2.315404067965726e-01  5.532066667415914e-02
9.100000000000000e+07  2.233090030151015e+08  2.562768277798009e+08  1.393942462630989e-01  2.315381597481679e-01  5.532063578465745e-02
9.140000000000000e+07  2.197407135163150e+08  2.535397922009510e+08  1.393960918895527e-01  2.315359966861495e-01  5.532060600379324e-02
9.180000000000000e+07  2.162181971595118e+08  2.520750939500200e+08  1.393970707579863e-01  2.315348494720389e-01  5.532059019620073e-02
9.220000000000000e+07  2.127537068175339e+08  2.489067897033088e+08  1.393991452315173e-01  2.315324182958004e-01  5.532055664711862e-02
9.260000000000000e+07  2.093299514352661e+08  2.479301938021476e+08  1.393997791892421e-01  2.315316753346470e-01  5.532054638703848e-02
9.300000000000000e+07  2.059603791995345e+08  2.458726305467830e+08  1.394010879712108e-01  2.315301415591259e-01  5.532052518315646e-02
9.340000000000000e+07  2.026357969838467e+08  2.447852261462452e+08  1.394017720894538e-01  2.315293398384193e-01  5.532051409238781e-02
9.380000000000000e+07  1.993674557197430e+08  2.418053676791433e+08  1.394036095427734e-01  2.315271865793997e-01  5.532048427987488e-02
9.420000000000000e+07  1.961427814974025e+08  2.397850818674293e+08  1.394048183582486e-01  2.315257700071895e-01  5.532046462849728e-02
9.460000000000000e+07  1.929651562744455e+08  2.377931613029888e+08  1.394059972126269e-01  2.315243885842079e-01  5.532044546548447e-02
9.500000000000000e+07  1.898317540100379e+08  2.364152795196806e+08  1.394067872292656e-01  2.315234628149874e-01  5.532043260363081e-02
9.540000000000000e+07  1.867491926679566e+08  2.338332610249662e+08  1.394082417889115e-01  2.315217583361951e-01  5.532040891130040e-02
9.580000000000000e+07  1.837128541617278e+08  2.310317211429085e+08  1.394097560930860e-01  2.315199839120351e-01  5.532038422220835e-02
9.620000000000000e+07  1.807137630425965e+08  2.301990301509498e+08  1.394101883729205e-01  2.315194773826625e-01  5.532037716664091e-02
9.660000000000000e+07  1.777652850340497e+08  2.277210319496239e+08  1.394114486087711e-01  2.315180006973416e-01  5.532035658857680e-02
9.700000000000000e+07  1.748572807945521e+08  2.260770836512356e+08  1.394122631890838e-01  2.315170462401653e-01  5.532034328388580e-02
9.740000000000000e+07  1.719933717772022e+08  2.241670884932775e+08  1.394131592708393e-01  2.315159962703479e-01  5.532032862771109e-02
9.780000000000000e+07  1.691719108921927e+08  2.222743980424638e+08  1.394140116419147e-01  2.315149975353682e-01  5.532031467896861e-02
9.820000000000000e+07  1.663923723410875e+08  2.203948579941219e+08  1.394148159584786e-01  2.315140551258792e-01  5.532030151236927e-02
9.860000000000000e+07  1.636532887514048e+08  2.187946207571265e+08  1.394154545211900e-01  2.315133069412901e-01  5.532029105032969e-02
9.900000000000000e+07  1.609570479532945e+08  2.166695966404910e+08  1.394162638169048e-01  2.315123586438903e-01  5.532027778599451e-02
9.940000000000000e+07  1.583002198700073e+08  2.148299773283304e+08  1.394169082014947e-01  2.315116037365092e-01  5.532026721733846e-02
9.980000000000000e+07  1.556842801362722e+08  2.126764588358912e+08  1.394175764833628e-01  2.315108207739494e-01  5.532025625018600e-02
1.002000000000000e+08  1.531064204153477e+08  2.108822889277800e+08  1.394180696485253e-01  2.315102429912027e-01  5.532024815237480e-02
1.006000000000000e+08  1.505664572939003e+08  2.093795217631506e+08  1.394184464240753e-01  2.315098015716107e-01  5.532024196150669e-02
1.010000000000000e+08  1.480647225674557e+08  2.079308271384604e+08  1.394187287098314e-01  2.315094708839334e-01  5.532023732266753e-02
1.014000000000000e+08  1.456023875946673e+08  2.060239533035302e+08  1.394190487620747e-01  2.315090959665584e-01  5.532023205819503e-02
1.018000000000000e+08  1.431051645311513e+08  1.991608538472638e+08  1.779313886179725e-01  2.045418382046519e-01  5.123554710513175e-02
1.022000000000000e+08  1.402309422593041e+08  1.622957162714650e+08  4.536577316660368e-01  1.124274566843874e-02  2.084811888181374e-02
1.026000000000000e+08  1.378922004225842e+08  1.622046158253226e+08  4.536096592969746e-01  1.164228444797070e-02  2.082915274437111e-02
1.030000000000000e+08  1.355891794584107e+08  1.621006124445506e+08  4.536074989929234e-01  1.165599766846072e-02  2.082850471812782e-02
1.034000000000000e+08  1.333211312546101e+08  1.620237043695869e+08  4.535997090013107e-01  1.172369526164617e-02  2.082511984475007e-02
1.038000000000000e+08  1.310752349824711e+08  1.618701723359963e+08  4.608286602507097e-01  2.053217002677419e-02  1.984323455282817e-02
1.042000000000000e+08  1.288628171129158e+08  1.617358612218236e+08  4.702878794442917e-01  2.410471767159417e-02  1.895920017352823e-02
1.046000000000000e+08  1.267006687758345e+08  1.616825855190406e+08  4.678287670429048e-01  2.373425124414906e-02  1.909535409689581e-02
1.050000000000000e+08  1.245730939154009e+08  1.614790774291820e+08  4.607885111470867e-01  2.527413397626717e-02  1.909849140373410e-02
1.054000000000000e+08  1.224745999285081e+08  1.613153393036220e+08  4.605253994968928e-01  2.532816784307788e-02  1.909890905019092e-02
1.058000000000000e+08  1.204086315702539e+08  1.611281104808702e+08  4.599912544887995e-01  2.543767629957522e-02  1.909976684590493e-02
1.062000000000000e+08  1.183741699370745e+08  1.610250433693462e+08  4.596798528995716e-01  2.550141388585649e-02  1.910027247308549e-02
1.066000000000000e+08  1.163715304434608e+08  1.608455267031414e+08  4.590925226388579e-01  2.562136492824448e-02  1.910123993783610e-02
1.070000000000000e+08  1.143997525794856e+08  1.606957598216098e+08  4.585526339178876e-01  2.573122523461239e-02  1.910215000895670e-02
1.074000000000000e+08  1.124587412115288e+08  1.604977563416774e+08  4.578050473363881e-01  2.588290736215045e-02  1.910343270914196e-02
1.078000000000000e+08  1.105475391461135e+08  1.603540185677469e+08  4.572404121806954e-01  2.599716647808991e-02  1.910441679113419e-02
1.082000000000000e+08  1.086661308872231e+08  1.601789838113957e+08  4.565117204521477e-01  2.614396291563743e-02  1.910571960762854e-02
1.086000000000000e+08  1.068136924748376e+08  1.600512526264086e+08  4.559617200352864e-01  2.625439588343879e-02  1.910672071815592e-02
1.090000000000000e+08  1.049903693428731e+08  1.598580548337051e+08  4.551017454559543e-01  2.642642830276062e-02  1.910831666500989e-02
1.094000000000000e+08  1.031952666731433e+08  1.597005161571959e+08  4.543675580238839e-01  2.657246356839917e-02  1.910971803656596e-02
1.098000000000000e+08  1.014282348192391e+08  1.595317551905175e+08  4.535625465780388e-01  2.673207346985918e-02  1.911127784146577e-02
1.102000000000000e+08  9.968883674612284e+07  1.593653945549184e+08  4.527341816645933e-01  2.689523439507468e-02  1.911293032326386e-02
1.106000000000000e+08  9.797641924849999e+07  1.592384470479406e+08  4.520847339243745e-01  2.702251837709794e-02  1.911425248046177e-02
1.110000000000000e+08  9.629113118328583e+07  1.590508526613835e+08  4.510953836408562e-01  2.721525572997010e-02  1.911631337448721e-02
1.114000000000000e+08  9.463196745572478e+07  1.589328102487378e+08  4.504577157810553e-01  2.733882135511050e-02  1.911766716546309e-02
1.118000000000000e+08  9.299919509532976e+07  1.587566128060305e+08  4.494717139185872e-01  2.752819731847300e-02  1.911982231949562e-02
1.122000000000000e+08  9.139196684510261e+07  1.586142470195684e+08  4.486405591737794e-01  2.768570715007345e-02  1.912171093373739e-02
1.126000000000000e+08  8.980985386025950e+07  1.585126909512925e+08  4.480378824049367e-01  2.779921239547989e-02  1.912310283116129e-02
1.130000000000000e+08  8.825306907189797e+07  1.583331968767605e+08  4.469314501407805e-01  2.800420456197642e-02  1.912576205620148e-02
1.134000000000000e+08  8.672059010816425e+07  1.582031505219240e+08  4.460997264018959e-01  2.815538689475124e-02  1.912784582747170e-02
1.138000000000000e+08  8.521242793379638e+07  1.580488045687005e+08  4.450643902936414e-01  2.833737654830864e-02  1.913061098175506e-02
1.142000000000000e+08  8.372781589884961e+07  1.579504276617159e+08  4.443819645934189e-01  2.845395917128584e-02  1.913252314665202e-02
1.146000000000000e+08  8.226676015134428e+07  1.578410576543862e+08  4.436000636140676e-01  2.858362912344277e-02  1.913481609340481e-02
1.150000000000000e+08  8.082881253156386e+07  1.577457572062053e+08  4.428865260001521e-01  2.869556026847937e-02  1.913707255070129e-02
1.154000000000000e+08  7.941383922810714e+07  1.576297585023159e+08  4.419804335343099e-01  2.882980605410298e-02  1.914013612027333e-02
1.158000000000000e+08  7.802109622370483e+07  1.575615974534871e+08  4.414219440543030e-01  2.890610332862658e-02  1.914218454698431e-02
1.162000000000000e+08  7.665077917215876e+07  1.574453994682156e+08  4.404236438661940e-01  2.903104285912292e-02  1.914612744507864e-02
1.166000000000000e+08  7.530225508676259e+07  1.573454101600673e+08  4.394989061696741e-01  2.912924917888070e-02  1.915020745652056e-02
1.170000000000000e+08  7.397508219980255e+07  1.572836692622300e+08  4.388872428781257e-01  2.918290880715465e-02  1.915317989175949e-02
1.174000000000000e+08  7.266907608338048e+07  1.572337620079566e+08  4.383715349288503e-01  2.922233023755252e-02  1.915582644261661e-02
1.178000000000000e+08  7.138404779432575e+07  1.571715520317259e+08  4.376920481274236e-01  2.926469776036415e-02  1.915954408217263e-02
1.182000000000000e+08  7.011950133281679e+07  1.571265221975079e+08  4.371639342632049e-01  2.928962273861918e-02  1.916262586257990e-02
1.186000000000000e+08  6.887516098491953e+07  1.570906022427498e+08  4.367193733325970e-01  2.930558325549441e-02  1.916534054352390e-02
1.190000000000000e+08  6.765072456624588e+07  1.570506791880062e+08  4.364401262917177e-01  2.931350131562773e-02  1.916709626566237e-02
1.194000000000000e+08  6.644704285858099e+07  1.570335119652565e+08  4.330728096085852e-01  2.534714676477895e-02  1.932879471487470e-02
1.198000000000000e+08  6.525922102153648e+07  1.570135248097468e+08  4.395199819700763e-01  2.116670219863232e-02  1.932541048050220e-02
1.202000000000000e+08  6.408977285499429e+07  1.570058440277089e+08  4.487595260939019e-01  1.910802507764950e-02  1.924638814202600e-02
1.206000000000000e+08  6.293855361173825e+07  1.570048635154750e+08  4.628160076972979e-01  1.673304828143614e-02  1.924329000130264e-02
1.210000000000000e+08  6.180807524756973e+07  1.570184267452402e+08  4.707951121912254e-01  1.550659698865526e-02  1.932720032594873e-02
1.214000000000000e+08  6.068830443921395e+07  1.569936774718666e+08  5.001181857909206e-01  1.075923567906771e-02  1.898716016868650e-02
1.218000000000000e+08  5.959175074554200e+07  1.570003779015285e+08  5.166056500458903e-01  8.915995431219438e-03  1.892535828718455e-02
1.222000000000000e+08  5.851410279618897e+07  1.570505831393009e+08  5.291936390056394e-01  7.803529961604336e-03  1.888260024606060e-02
1.226000000000000e+08  5.745449317699686e+07  1.571036578265040e+08  5.393790238845863e-01  7.033627024569051e-03  1.881671406776366e-02
1.230000000000000e+08  5.641310739982039e+07  1.571526675381805e+08  5.470903430487513e-01  6.545124431210017e-03  1.881981552800711e-02
1.234000000000000e+08  5.538863862984257e+07  1.572331870242815e+08  5.534217554068572e-01  6.105712894544457e-03  1.876697846830560e-02
1.238000000000000e+08  5.438112901694151e+07  1.573157042261979e+08  5.594940144122827e-01  5.792860500207848e-03  1.875104812140960e-02
1.242000000000000e+08  5.339032597518634e+07  1.574308954017124e+08  5.651835679148819e-01  5.552109359982947e-03  1.878591817210495e-02
1.246000000000000e+08  5.241645835418691e+07  1.574816940113615e+08  5.671052666541248e-01  5.467543228756052e-03  1.879633028118729e-02
1.250000000000000e+08  5.145770118247852e+07  1.576422222863048e+08  5.715736019991187e-01  5.289343020243344e-03  1.879104046582657e-02
1.254000000000000e+08  5.051481573023691e+07  1.577781902390469e+08  5.756811291706958e-01  5.115880807299869e-03  1.879503289632076e-02
1.258000000000000e+08  4.958770787401113e+07  1.578918024018335e+08  5.782486610370265e-01  5.024941436330106e-03  1.879442455679393e-02
1.262000000000000e+08  4.867519911224788e+07  1.580641662521667e+08  5.820201459899860e-01  4.856226116936094e-03  1.873839673060794e-02
1.266000000000000e+08  4.777774501763046e+07  1.582546160240313e+08  5.859789815693999e-01  4.671368650299041e-03  1.870777010323513e-02
1.270000000000000e+08  4.689549870992640e+07  1.584184023389859e+08  5.881146456477881e-01  4.592296566235691e-03  1.868566712184508e-02
1.274000000000000e+08  4.602778194762704e+07  1.586252621195424e+08  5.907696750279809e-01  4.522278138357860e-03  1.870140549950031e-02
1.278000000000000e+08  4.517446548630129e+07  1.588027894933331e+08  5.940974755369941e-01  4.440041174991813e-03  1.875533554032455e-02
1.282000000000000e+08  4.433525362732117e+07  1.590044696894902e+08  5.962505348061433e-01  4.372423218753715e-03  1.878015296294153e-02
1.286000000000000e+08  4.350979165928341e+07  1.592219526173039e+08  5.975837551049296e-01  4.310186342265370e-03  1.875544665308341e-02
1.290000000000000e+08  4.269777029984572e+07  1.594740047192642e+08  6.003734505255631e-01  4.232754381790035e-03  1.875951136180125e-02
1.294000000000000e+08  4.189918289403088e+07  1.597779147707686e+08  6.044026898258369e-01  4.156076728084926e-03  1.884088110073598e-02
1.298000000000000e+08  4.111381158803770e+07  1.600795424454462e+08  6.069616434283598e-01  4.084167192761195e-03  1.885889210776544e-02
1.302000000000000e+08  4.034099810891639e+07  1.603016095993260e+08  6.139838187339748e-01  3.950772439386829e-03  1.890050087772909e-02
1.306000000000000e+08  3.958137642677752e+07  1.606735821474699e+08  6.184480496604464e-01  3.896605241275087e-03  1.899323328614430e-02
1.310000000000000e+08  3.883409621407920e+07  1.610692994970218e+08  6.218801117613696e-01  3.820530980067658e-03  1.897746077583491e-02
1.314000000000000e+08  3.809951793279918e+07  1.613980425507903e+08  6.251363895567363e-01  3.772778050877005e-03  1.899148053432152e-02
1.318000000000000e+08  3.737724558234759e+07  1.617218739560404e+08  6.274799129308363e-01  3.723710216570360e-03  1.897707409369375e-02
1.322000000000000e+08  3.666659952609604e+07  1.621197460159466e+08  6.333622072515097e-01  3.632814649499097e-03  1.901705654526437e-02
1.326000000000000e+08  3.596786895131299e+07  1.625225974409332e+08  6.385267106216747e-01  3.512631601398826e-03  1.903533767483615e-02
1.330000000000000e+08  3.528028104165984e+07  1.630959661992008e+08  6.434235467354159e-01  3.407282994458916e-03  1.895370793004957e-02
1.334000000000000e+08  3.460537785583916e+07  1.633663764731495e+08  6.445546207470788e-01  3.383953396718636e-03  1.891856051159048e-02
1.338000000000000e+08  3.394118882840279e+07  1.639627819862816e+08  6.478299990522115e-01  3.347748638209669e-03  1.895159336476648e-02
1.342000000000000e+08  3.328830050105165e+07  1.643654554760150e+08  6.520720608467513e-01  3.309448949331019e-03  1.897846346653259e-02
1.346000000000000e+08  3.264595659837372e+07  1.649910138539701e+08  6.552930378933690e-01  3.256976770352677e-03  1.893364036284081e-02
1.350000000000000e+08  3.201451137155765e+07  1.654413188290900e+08  6.587576595734289e-01  3.175382714215454e-03  1.883258825483047e-02
1.354000000000000e+08  3.139354527376860e+07  1.661210677170120e+08  6.625577106042246e-01  3.113661248656049e-03  1.879993767636301e-02
1.358000000000000e+08  3.078405475865043e+07  1.664358295154096e+08  6.632469148472636e-01  3.107937776214413e-03  1.878743473224640e-02
1.362000000000000e+08  3.018406793346278e+07  1.672378613615849e+08  6.647714476422379e-01  3.101579864846804e-03  1.878631972460090e-02
1.366000000000000e+08  2.959426100608663e+07  1.678825724920506e+08  6.679927800679876e-01  3.065990429176548e-03  1.877844035017042e-02
1.370000000000000e+08  2.901428655415360e+07  1.687487205071197e+08  6.704095371892007e-01  3.056407278843130e-03  1.878664221473359e-02
1.374000000000000e+08  2.844466676749662e+07  1.692729937348466e+08  6.725650959031360e-01  3.037758786531885e-03  1.878648279807116e-02
1.378000000000000e+08  2.788424874266036e+07  1.700717037381335e+08  6.741278976223359e-01  3.013409547622491e-03  1.872821691908227e-02
1.382000000000000e+08  2.733368600510210e+07  1.708339747449674e+08  6.749043483226153e-01  3.013302526376789e-03  1.874031245877021e-02
1.386000000000000e+08  2.679279440773717e+07  1.713959378747568e+08  6.756394710532071e-01  3.014989528558790e-03  1.876090886225894e-02
1.390000000000000e+08  2.626021378554588e+07  1.723515649057735e+08  6.782729613334064e-01  2.975839701990682e-03  1.872230163827754e-02
1.394000000000000e+08  2.573680750258857e+07  1.733537905036794e+08  6.797072146850824e-01  2.962356166031009e-03  1.868323633606090e-02
1.398000000000000e+08  2.522297066240093e+07  1.740077799078963e+08  6.799532781098555e-01  2.956699159733006e-03  1.864420183839516e-02
1.402000000000000e+08  2.471733894979518e+07  1.751538472381415e+08  6.816981602116972e-01  2.965484367873019e-03  1.870306697941421e-02
1.406000000000000e+08  2.422079844972108e+07  1.759020036208067e+08  6.821712250936215e-01  2.955402583587826e-03  1.865283439334064e-02
1.410000000000000e+08  2.373256540906487e+07  1.769406468980115e+08  6.822625490302088e-01  2.965379139704562e-03  1.865238015075311e-02
1.414000000000000e+08  2.325197132784192e+07  1.782893479052528e+08  6.849046497731593e-01  2.930851889835222e-03  1.859877997908139e-02
1.418000000000000e+08  2.278040536659200e+07  1.793395240724585e+08  6.863545119804177e-01  2.942512827474712e-03  1.864502322498619e-02
1.422000000000000e+08  2.231639285374397e+07  1.808341702444984e+08  6.865641162784240e-01  2.953026966510420e-03  1.862313106911007e-02
1.426000000000000e+08  2.186152288958027e+07  1.814758304503025e+08  6.863311611120062e-01  2.952987252081710e-03  1.859588469196551e-02
1.430000000000000e+08  2.141345396095736e+07  1.829428092869568e+08  6.874158170321193e-01  2.980966308036219e-03  1.862038268234673e-02
1.434000000000000e+08  2.097322635356030e+07  1.843017555305116e+08  6.884074481286885e-01  2.955895576728713e-03  1.860838311859024e-02
1.438000000000000e+08  2.054089867693021e+07  1.855357515160913e+08  6.893613687054232e-01  2.973185110496605e-03  1.864338702111455e-02
1.442000000000000e+08  2.011623655377702e+07  1.866587617712157e+08  6.897616251442504e-01  3.002104715352648e-03  1.865333670123511e-02
1.446000000000000e+08  1.969821999484969e+07  1.884263547952781e+08  6.897659661135712e-01  3.010819559442101e-03  1.865739805198342e-02
1.450000000000000e+08  1.928791491207462e+07  1.898556659097368e+08  6.897509724526771e-01  3.022487762943368e-03  1.866066521796870e-02
1.454000000000000e+08  1.888418173071924e+07  1.918046598976626e+08  6.897216545997108e-01  3.041858114553893e-03  1.866499322571706e-02
1.458000000000000e+08  1.848823097496583e+07  1.931699499318370e+08  6.897326725293355e-01  3.056200940264452e-03  1.866996424095112e-02
1.462000000000000e+08  1.809866948010152e+07  1.950230132651740e+08  6.897819987187173e-01  3.075647424879591e-03  1.867864857148121e-02
1.466000000000000e+08  1.771586663726962e+07  1.969649757335524e+08  6.898582571129250e-01  3.095135793999264e-03  1.868899853014553e-02
1.470000000000000e+08  1.734049618506657e+07  1.983093197024058e+08  6.898969185288220e-01  3.106457346673089e-03  1.869513188922298e-02
1.474000000000000e+08  1.697132366252227e+07  2.000196889950221e+08  6.899200873560427e-01  3.117233977110016e-03  1.870088484570446e-02
1.478000000000000e+08  1.660831930851469e+07  2.020449690379983e+08  6.901454479734549e-01  3.129980101363797e-03  1.871681813783509e-02
1.482000000000000e+08  1.625146113934594e+07  2.042842495359249e+08  6.912086230161372e-01  3.174666638625423e-03  1.874239514041289e-02
1.486000000000000e+08  1.590127014820817e+07  2.062774398970911e+08  6.901556616981098e-01  3.190857315450006e-03  1.868356043705105e-02
1.490000000000000e+08  1.555711395128028e+07  2.084614591146890e+08  6.900606632854352e-01  3.192829910932434e-03  1.868393164860118e-02
1.494000000000000e+08  1.521947784900089e+07  2.103020185703915e+08  6.899369950584426e-01  3.195388060699915e-03  1.868442719025696e-02
1.498000000000000e+08  1.488670019722060e+07  2.132340212502118e+08  6.897474429715564e-01  3.199298345326559e-03  1.868522459918741e-02
1.502000000000000e+08  1.456088477242243e+07  2.152523572601756e+08  6.895938239672490e-01  3.213565329883069e-03  1.868221144546978e-02
1.506000000000000e+08  1.424006437558010e+07  2.180541071564369e+08  6.892429425089304e-01  3.320673803564821e-03  1.865251014727590e-02
1.510000000000000e+08  1.392528222046837e+07  2.205549837146531e+08  6.901565403527118e-01  3.290153562621911e-03  1.864947486351172e-02
1.514000000000000e+08  1.361601358655258e+07  2.232357832958337e+08  6.904502543935924e-01  3.318789883322158e-03  1.862946111685045e-02
1.518000000000000e+08  1.331294412205515e+07  2.253609568530100e+08  6.898430662007691e-01  3.376739411892968e-03  1.857689327381188e-02
1.522000000000000e+08  1.301422936629905e+07  2.285988981348864e+08  6.896936558747334e-01  3.448600248030430e-03  1.857770840129558e-02
1.526000000000000e+08  1.272078468803253e+07  2.320073463329788e+08  6.894139877262553e-01  3.556110256541822e-03  1.857825106180839e-02
1.530000000000000e+08  1.243351724127472e+07  2.346184990222025e+08  6.891295184872653e-01  3.643689978768910e-03  1.857917424788227e-02
1.534000000000000e+08  1.215121704349251e+07  2.374980588094670e+08  6.887813526502126e-01  3.738282872070200e-03  1.858116051356850e-02
1.538000000000000e+08  1.187296902327010e+07  2.414945221521302e+08  6.882379455473074e-01  3.864740643293501e-03  1.858738072250698e-02
1.542000000000000e+08  1.160102773915074e+07  2.443131953212564e+08  6.878382894864418e-01  3.950760898271428e-03  1.859388355611226e-02
1.546000000000000e+08  1.133370997975734e+07  2.475137161254080e+08  6.873741940366591e-01  4.046152260169189e-03  1.860330551432115e-02
1.550000000000000e+08  1.107094402029501e+07  2.510984239948814e+08  6.868462853340839e-01  4.150992445059339e-03  1.861634916892702e-02
1.554000000000000e+08  1.081317084709736e+07  2.545476064877872e+08  6.863372193695412e-01  4.250181366724899e-03  1.863086956695583e-02
1.558000000000000e+08  1.056001855026193e+07  2.581543662694993e+08  6.858080802068435e-01  4.352321350571316e-03  1.864775534136000e-02
1.562000000000000e+08  1.031123152724337e+07  2.621092092181188e+08  6.852363546117703e-01  4.462521481760465e-03  1.866792381941639e-02
1.566000000000000e+08  1.006736431267282e+07  2.657783278415788e+08  6.847195466584143e-01  4.563006741189057e-03  1.868805822545801e-02
1.570000000000000e+08  9.827543670142340e+06  2.699775506279790e+08  6.841493371751289e-01  4.676229071024378e-03  1.871252396165820e-02
1.574000000000000e+08  9.592654693265282e+06  2.737259584130911e+08  6.836646052258829e-01  4.775910217739881e-03  1.873551584399824e-02
1.578000000000000e+08  9.361645288998462e+06  2.780365433564631e+08  6.831393635597871e-01  4.889416467967004e-03  1.876316352164060e-02
1.582000000000000e+08  9.135421507240983e+06  2.819048597954361e+08  6.827031099888142e-01  4.990419720932128e-03  1.878895135970525e-02
1.586000000000000e+08  8.913027054502053e+06  2.862424209507427e+08  6.822513445846872e-01  5.103092921784808e-03  1.881867125341087e-02
1.590000000000000e+08  8.695483397218985e+06  2.899130869403226e+08  6.819008594130128e-01  5.197902286924481e-03  1.884427054549322e-02
1.594000000000000e+08  8.481113418479858e+06  2.945895771509045e+08  6.814952844392672e-01  5.317672829110676e-03  1.887712029066815e-02
1.598000000000000e+08  8.271316950515345e+06  2.987537678440306e+08  6.811688555599150e-01  5.423117887889036e-03  1.890632387739494e-02
1.602000000000000e+08  8.064721501418276e+06  3.037753773089097e+08  6.808209344759033e-01  5.546972416923182e-03  1.894099149322423e-02
1.606000000000000e+08  7.863024508042977e+06  3.078170557674398e+08  6.805721332875242e-01  5.643927984767746e-03  1.896871440445829e-02
1.610000000000000e+08  7.664991520919234e+06  3.120869143666427e+08  6.803366139235556e-01  5.743470213934736e-03  1.899808926664137e-02
1.614000000000000e+08  7.470087779529161e+06  3.171007249835688e+08  6.801003690385155e-01  5.854688916923954e-03  1.903296051945866e-02
1.618000000000000e+08  7.279828313493377e+06  3.212033629649286e+08  6.799279486494119e-01  5.941521026727949e-03  1.906151268684241e-02
1.622000000000000e+08  7.092904306256698e+06  3.256956315226216e+08  6.797510165966405e-01  6.032581245282967e-03  1.909202112166636e-02
1.626000000000000e+08  6.908794155121486e+06  3.310784814345264e+08  6.795363357481525e-01  6.138972898702679e-03  1.912568185313359e-02
1.630000000000000e+08  6.728990078666252e+06  3.357172387610440e+08  6.793417380279712e-01  6.231398240295786e-03  1.915091331667833e-02
1.634000000000000e+08  6.553270264176077e+06  3.397658099104944e+08  6.791698476908066e-01  6.312774298123866e-03  1.917039307849601e-02
1.638000000000000e+08  6.380195131526119e+06  3.446904295210249e+08  6.789765811308949e-01  6.407353056790993e-03  1.919108494115065e-02
1.642000000000000e+08  6.210724365303917e+06  3.494288702146198e+08  6.788303643463383e-01  6.481541795177764e-03  1.920901391268683e-02
1.646000000000000e+08  6.044634245357637e+06  3.541537519151044e+08  6.788406757391467e-01  6.548465341704742e-03  1.923444610366840e-02
1.650000000000000e+08  5.881844065327742e+06  3.588865247023414e+08  6.789215128282843e-01  6.644738484802327e-03  1.923561861795181e-02
1.654000000000000e+08  5.722234467622375e+06  3.637322599067654e+08  6.790245318709897e-01  6.755618135676124e-03  1.926551162390720e-02
1.658000000000000e+08  5.565920628981453e+06  3.685015939231073e+08  6.789677362951486e-01  6.861394831141722e-03  1.929299494989458e-02
1.662000000000000e+08  5.412671301670057e+06  3.733800613165957e+08  6.787575557901706e-01  6.958472647150380e-03  1.931692717313963e-02
1.666000000000000e+08  5.262587462064242e+06  3.782037647474071e+08  6.784684088207452e-01  7.054108649270154e-03  1.933873794913081e-02
1.670000000000000e+08  5.115494098664573e+06  3.831064456838251e+08  6.781446576090202e-01  7.156630817532895e-03  1.936030558491407e-02
1.674000000000000e+08  4.971532630665534e+06  3.878875026138363e+08  6.778449308111593e-01  7.263862260683773e-03  1.938228087536701e-02
1.678000000000000e+08  4.830618523407464e+06  3.925778930108103e+08  6.776206872887017e-01  7.380462800992769e-03  1.940809381866452e-02
1.682000000000000e+08  4.692797621518750e+06  3.970802309767522e+08  6.774987377550380e-01  7.506745704715401e-03  1.943901111774336e-02
1.686000000000000e+08  4.557705720673503e+06  4.017348095464993e+08  6.774039945472417e-01  7.643248613910887e-03  1.947226764018967e-02
1.690000000000000e+08  4.425745444521090e+06  4.060584885946816e+08  6.772449389064353e-01  7.758520439594708e-03  1.949648156595958e-02
1.694000000000000e+08  4.296662280779180e+06  4.102650887898432e+08  6.770122118291634e-01  7.852926782224221e-03  1.951267364139839e-02
1.698000000000000e+08  4.170461073848945e+06  4.142949794221084e+08  6.767776728568071e-01  7.926052694720166e-03  1.952414984823929e-02
1.702000000000000e+08  4.047028951671295e+06  4.182101930697355e+08  6.769899004404308e-01  7.983958985067915e-03  1.955771143339116e-02
1.706000000000000e+08  3.926440860822721e+06  4.218372278964233e+08  6.778167196220427e-01  8.056213555644018e-03  1.951688829091377e-02
1.710000000000000e+08  3.808446745919532e+06  4.255260930026799e+08  6.776075415964493e-01  8.117715017464049e-03  1.953178296090520e-02
1.714000000000000e+08  3.693272254344361e+06  4.289219522841734e+08  6.773584200852759e-01  8.190047981200368e-03  1.955008785133064e-02
1.718000000000000e+08  3.580833084188018e+06  4.320583779485883e+08  6.771056092530063e-01  8.264361458998896e-03  1.956831669424551e-02
1.722000000000000e+08  3.470963137413702e+06  4.350599382034449e+08  6.768622611719264e-01  8.339468553480915e-03  1.958496487454820e-02
1.726000000000000e+08  3.363731803561172e+06  4.377975456646677e+08  6.766616719901862e-01  8.407282906768418e-03  1.959802384805512e-02
1.730000000000000e+08  3.258974021777125e+06  4.403971427886935e+08  6.765947813624701e-01  8.452146329838589e-03  1.960560838401085e-02
1.734000000000000e+08  3.156552732736200e+06  4.428010854547188e+08  6.794118046987915e-01  8.004838699326732e-03  1.950605259969530e-02
1.738000000000000e+08  3.056802964256365e+06  4.449543565209909e+08  6.792124813457948e-01  8.151326040678081e-03  1.949946498601360e-02
1.742000000000000e+08  2.959509564914798e+06  4.468637948292498e+08  6.789543768104199e-01  8.224796689266810e-03  1.950220844558513e-02
1.746000000000000e+08  2.864441658757391e+06  4.487407916781926e+08  6.786259849446010e-01  8.315924485035148e-03  1.950677885611773e-02
1.750000000000000e+08  2.771837435062520e+06  4.502681709323416e+08  6.783145896350934e-01  8.402763889869663e-03  1.951316108844717e-02
1.754000000000000e+08  2.681437869624899e+06  4.516838921346324e+08  6.779951947889561e-01  8.494392177077434e-03  1.952248118976374e-02
1.758000000000000e+08  2.593403411763492e+06  4.527578507834634e+08  6.777344055377224e-01  8.571368111933615e-03  1.953223458864833e-02
1.762000000000000e+08  2.507308696749895e+06  4.539363733884826e+08  6.774260381528548e-01  8.663420543862823e-03  1.954639435642648e-02
1.766000000000000e+08  2.423533648409596e+06  4.547392178554609e+08  6.772034958593950e-01  8.728980225100961e-03  1.955819644755022e-02
1.770000000000000e+08  2.341861806350404e+06  4.553708302804823e+08  6.770269277242232e-01  8.779970325684689e-03  1.956859886330869e-02
1.774000000000000e+08  2.262224098683115e+06  4.558701500179542e+08  6.768075897008479e-01  8.843012484611763e-03  1.956556110346073e-02
1.778000000000000e+08  2.184624353261746e+06  4.561697115146254e+08  6.765661667151126e-01  8.857676918419674e-03  1.948903755827642e-02
1.782000000000000e+08  2.109019339087208e+06  4.563047719452752e+08  6.764665345616689e-01  8.882478871781785e-03  1.948272269532803e-02
1.786000000000000e+08  2.035352952591367e+06  4.562791983975049e+08  6.765344490574255e-01  8.946481512428913e-03  1.946525684785979e-02
1.790000000000000e+08  1.963610250086226e+06  4.560845833082975e+08  6.766826775483714e-01  9.059679904890473e-03  1.946988130819892e-02
1.794000000000000e+08  1.893755724600506e+06  4.557176113917177e+08  6.768042340127710e-01  9.040247395645965e-03  1.948902314124174e-02
1.798000000000000e+08  1.825690477474860e+06  4.551979654209929e+08  6.784714761546289e-01  8.751193177664688e-03  1.949568825645062e-02
1.802000000000000e+08  1.759428680953392e+06  4.545959764648489e+08  6.785919923093823e-01  8.867987325210016e-03  1.950702020903125e-02
1.806000000000000e+08  1.694999117954896e+06  4.537712244650297e+08  6.784320684418729e-01  8.906358194316372e-03  1.951213543719920e-02
1.810000000000000e+08  1.632295055346753e+06  4.528018426103262e+08  6.783881560105091e-01  8.882656207826738e-03  1.953060730790574e-02
1.814000000000000e+08  1.571207107000460e+06  4.517007173699161e+08  6.806415913159740e-01  8.464544488525908e-03  1.950075532377460e-02
1.818000000000000e+08  1.511804042257985e+06  4.505140530385665e+08  6.807118839740974e-01  8.487955059469162e-03  1.943199532840471e-02
1.822000000000000e+08  1.454108871846480e+06  4.491211911075495e+08  6.805953980415569e-01  8.507372866393428e-03  1.943625480241042e-02
1.826000000000000e+08  1.397961127791299e+06  4.476494175298648e+08  6.807993145378642e-01  8.506779245778693e-03  1.941627954708372e-02
1.830000000000000e+08  1.343353689467064e+06  4.460970352303011e+08  6.807907021456981e-01  8.574504270632968e-03  1.942534530598974e-02
1.834000000000000e+08  1.290325119793850e+06  4.443655608387461e+08  6.805732836362035e-01  8.623306757788508e-03  1.942211518148504e-02
1.838000000000000e+08  1.238808309068198e+06  4.425043518554518e+08  6.803335332741710e-01  8.691522218568212e-03  1.941519056778941e-02
1.842000000000000e+08  1.188755944453215e+06  4.405381483889257e+08  6.801280918760693e-01  8.750384925169618e-03  1.941106141233532e-02
1.846000000000000e+08  1.140084100652789e+06  4.385341953358845e+08  6.804509109525460e-01  8.652420342100432e-03  1.940181276017678e-02
1.850000000000000e+08  1.092881676372640e+06  4.363364320860761e+08  6.812655243273270e-01  8.590595379312560e-03  1.937707662674426e-02
1.854000000000000e+08  1.047067120829685e+06  4.340647039505705e+08  6.810718660892421e-01  8.632125419084114e-03  1.938386097385824e-02
1.858000000000000e+08  1.002596703113571e+06  4.317136359180522e+08  6.809213358984132e-01  8.675442492637611e-03  1.940936125926349e-02
1.862000000000000e+08  9.594540942608619e+05  4.292728849372057e+08  6.808214140094537e-01  8.733346056058836e-03  1.944780110911894e-02
1.866000000000000e+08  9.176328089285801e+05  4.267211569932090e+08  6.806927204759874e-01  8.815817050628621e-03  1.948054889247460e-02
1.870000000000000e+08  8.770586532081515e+05  4.241310675188007e+08  6.805039153379788e-01  8.898844461548629e-03  1.949948880347285e-02
1.874000000000000e+08  8.377778354811379e+05  4.213937891504589e+08  6.802994968683005e-01  8.960744844465886e-03  1.951115905076235e-02
1.878000000000000e+08  7.997232227438128e+05  4.185682525778852e+08  6.801049702858843e-01  9.002061941558720e-03  1.947306151661399e-02
1.882000000000000e+08  7.628585153938971e+05  4.156941633508603e+08  6.797695553431501e-01  9.148425203075556e-03  1.945252513214790e-02
1.886000000000000e+08  7.271956637932775e+05  4.127225345565337e+08  6.793297760995878e-01  9.240506776346006e-03  1.947038939402605e-02
1.890000000000000e+08  6.926796351505690e+05  4.096986237029624e+08  6.788553037996861e-01  9.332445747938513e-03  1.948822342524727e-02
1.894000000000000e+08  6.593018341853260e+05  4.065950519831277e+08  6.784196836552109e-01  9.411054044902490e-03  1.950262582896078e-02
1.898000000000000e+08  6.270302857587989e+05  4.034277779989557e+08  6.780607677946930e-01  9.515713906732181e-03  1.946078415054962e-02
1.902000000000000e+08  5.958255048169416e+05  4.002114834959039e+08  6.791735952116306e-01  9.348453564988354e-03  1.948558328152031e-02
1.906000000000000e+08  5.657150510024463e+05  3.969208286434721e+08  6.795647692093585e-01  9.272680642551981e-03  1.950230162092317e-02
1.910000000000000e+08  5.366546032515999e+05  3.935771288434868e+08  6.797045002705918e-01  9.185715129122727e-03  1.949856212651186e-02
1.914000000000000e+08  5.086146523326205e+05  3.901482663464649e+08  6.818819914882431e-01  8.845917582750112e-03  1.950981624874073e-02
1.918000000000000e+08  4.815770910246443e+05  3.867436006677375e+08  6.815796903919700e-01  8.924132636025968e-03  1.952266391078673e-02
1.922000000000000e+08  4.555785442013586e+05  3.832064620912138e+08  6.812136235654103e-01  9.010526113846180e-03  1.953953377746159e-02
1.926000000000000e+08  4.304507028886686e+05  3.798133411206279e+08  6.810260900870341e-01  9.048020770894279e-03  1.955207415023617e-02
1.930000000000000e+08  4.062292839945626e+05  3.764591545964518e+08  6.817374755098925e-01  8.941874545578028e-03  1.953314905996218e-02
1.934000000000000e+08  3.830768251989620e+05  3.728412278466992e+08  6.811650891234030e-01  9.061090227264163e-03  1.952854981974590e-02
1.938000000000000e+08  3.609423626222250e+05  3.689765001691946e+08  6.802610165094317e-01  9.217939332479132e-03  1.952640278867940e-02
1.942000000000000e+08  3.395996061529894e+05  3.652809388360823e+08  6.793147323503902e-01  9.379682209258951e-03  1.952381103558734e-02
1.946000000000000e+08  3.191162403514529e+05  3.615886365556475e+08  6.784091317288140e-01  9.533226615117124e-03  1.952118141227017e-02
1.950000000000000e+08  2.994464357050883e+05  3.579757747229091e+08  6.776807002412134e-01  9.663872362659538e-03  1.951808876451302e-02
1.954000000000000e+08  2.806875659501793e+05  3.541902551038412e+08  6.774636704104141e-01  9.890031202041681e-03  1.951862273669108e-02
1.958000000000000e+08  2.626702652236209e+05  3.505864532855815e+08  6.770624350882724e-01  9.993212953641311e-03  1.953064403636661e-02
1.962000000000000e+08  2.455566178063845e+05  3.467469989128835e+08  6.763934761097287e-01  1.007698011290188e-02  1.954421164544861e-02
1.966000000000000e+08  2.291690281087510e+05  3.430573868438076e+08  6.757071736113280e-01  1.014815850755125e-02  1.956026257176225e-02
1.970000000000000e+08  2.135746785444338e+05  3.393185672709590e+08  6.750715925467520e-01  1.019975947818975e-02  1.957390448820569e-02
1.974000000000000e+08  1.986846193330748e+05  3.357136231963277e+08  6.747758622759648e-01  1.012554933843313e-02  1.956114524341132e-02
1.978000000000000e+08  1.845933275755983e+05  3.319521892698633e+08  6.741908281196720e-01  9.794580425553770e-03  1.936696059566156e-02
1.982000000000000e+08  1.711323131547262e+05  3.283651729373363e+08  6.817745488992945e-01  8.722889764338614e-03  1.941457947469015e-02
1.986000000000000e+08  1.584461283843480e+05  3.247238953209774e+08  6.823508530851957e-01  9.019844748834677e-03  1.953666308782116e-02
1.990000000000000e+08  1.464980663781171e+05  3.209513444654239e+08  6.812915799069280e-01  9.150433468497865e-03  1.955337674030326e-02
1.994000000000000e+08  1.352071229779893e+05  3.172200257866698e+08  6.801308545685358e-01  9.279014002877230e-03  1.956621319453941e-02
1.998000000000000e+08  1.245471587264369e+05  3.135543962516223e+08  6.790685914198116e-01  9.383246225252901e-03  1.957301210960143e-02
2.002000000000000e+08  1.145738011962342e+05  3.096868775469952e+08  6.782765708595730e-01  9.428085341004300e-03  1.951476834099579e-02
2.006000000000000e+08  1.052123738567151e+05  3.057421260957568e+08  6.818852685753322e-01  9.130431022035562e-03  1.956103624535173e-02
2.010000000000000e+08  9.642161031227763e+04  3.019120181009306e+08  6.811429770534532e-01  9.218477891018508e-03  1.955991419541559e-02
2.014000000000000e+08  8.821008878306125e+04  2.980368137374740e+08  6.801815312684913e-01  9.325646320689183e-03  1.954072461441064e-02
2.018000000000000e+08  8.055113169572520e+04  2.941212474756681e+08  6.791009785159371e-01  9.414598509716383e-03  1.951402675634162e-02
2.022000000000000e+08  7.335373564807569e+04  2.905070468895995e+08  6.782011535724073e-01  9.463743326672920e-03  1.948605993544125e-02
2.026000000000000e+08  6.658466645114549e+04  2.873396747188607e+08  6.801949790071551e-01  9.533374837690168e-03  1.988410500994854e-02
2.030000000000000e+08  6.018342181929657e+04  2.850040128126636e+08  6.797324505339546e-01  9.687671791863719e-03  1.983504876580365e-02
2.034000000000000e+08  5.414500283918069e+04  2.836558658041121e+08  6.788582342171875e-01  9.734097836735843e-03  1.987913288403753e-02
2.038000000000000e+08  4.846323268044088e+04  2.834685526586983e+08  6.778112078971956e-01  9.773421233659263e-03  1.985669266672183e-02
2.042000000000000e+08  4.316437005269575e+04  2.844391011988713e+08  6.772479335230985e-01  9.929958473591100e-03  1.970124205006065e-02
2.046000000000000e+08  3.829298594294701e+04  2.863754815062647e+08  6.738305889605828e-01  1.002537560770902e-02  1.967103897703965e-02
2.050000000000000e+08  3.386354128790982e+04  2.890176444029105e+08  6.786712984348642e-01  9.838758391888252e-03  1.987319920859794e-02
2.054000000000000e+08  2.990621327088905e+04  2.919855298679728e+08  6.792082706026421e-01  9.449272396451500e-03  1.903270976960761e-02
2.058000000000000e+08  2.640726179672133e+04  2.949600459255804e+08  6.901663352484693e-01  8.995601711965933e-03  2.052846952754155e-02
2.062000000000000e+08  2.333372241764328e+04  2.976789995049850e+08  7.024062810263240e-01  8.513456964561659e-03  1.919281894435509e-02
2.066000000000000e+08  2.065971797972112e+04  3.000955185605365e+08  7.040272755163552e-01  8.017369233271550e-03  2.081237199583539e-02
2.070000000000000e+08  1.831377623452000e+04  3.020143828813202e+08  7.208059965785590e-01  7.424010087074346e-03  1.888297239005726e-02
2.074000000000000e+08  1.628009538134141e+04  3.033623929215695e+08  7.410111990689653e-01  7.147840177921417e-03  2.073739536721843e-02
2.078000000000000e+08  1.450547493171283e+04  3.043453235221621e+08  7.395047131793425e-01  6.794420097444517e-03  2.120505227262660e-02
2.082000000000000e+08  1.294265588158400e+04  3.048143959512546e+08  7.559113137765812e-01  6.509619979632199e-03  1.886846561787353e-02
2.086000000000000e+08  1.157852552150868e+04  3.048644841276411e+08  7.691205773587459e-01  6.706242535746413e-03  2.085888568994897e-02
2.090000000000000e+08  1.038185394512470e+04  3.045179517502627e+08  7.718624382361287e-01  7.131096063955001e-03  2.229925876917528e-02
2.094000000000000e+08  9.326319828669804e+03  3.037868782843366e+08  7.722157200289052e-01  7.740066259797901e-03  2.237426188052815e-02
2.098000000000000e+08  8.392150629826283e+03  3.026937383860806e+08  7.742529283370466e-01  8.393917889757447e-03  2.055161934970997e-02
2.102000000000000e+08  7.569393477380206e+03  3.012666318125569e+08  7.695278935384490e-01  9.439912573350653e-03  2.119525240237157e-02
2.106000000000000e+08  6.841891299411274e+03  2.995524426573510e+08  7.548530852705737e-01  1.148361532301560e-02  2.281434581517926e-02
2.110000000000000e+08  6.193924607713701e+03  2.976024684360569e+08  7.337356149366056e-01  1.387564946808977e-02  2.403613066366558e-02
2.114000000000000e+08  5.619753146088974e+03  2.953209294237481e+08  7.067928088856165e-01  1.691983709667924e-02  2.475050892397582e-02
2.118000000000000e+08  5.107962622876360e+03  2.927664580538159e+08  6.765982688113255e-01  2.077131023944400e-02  2.476310720152072e-02
2.122000000000000e+08  4.648681235750184e+03  2.900344757394885e+08  6.435348413684669e-01  2.609411269853618e-02  2.443103779090169e-02
2.126000000000000e+08  4.234473177455922e+03  2.871834667219238e+08  6.056343309070236e-01  3.436013143803118e-02  2.233067976507725e-02
2.130000000000000e+08  3.869608540254520e+03  2.839367230989307e+08  5.618223021188989e-01  4.677721726232808e-02  2.010417799456555e-02
2.134000000000000e+08  3.532928451534901e+03  2.808243070036094e+08  5.213881445609729e-01  6.246835573812343e-02  1.996839050889818e-02
2.138000000000000e+08  3.237890271668915e+03  2.773459013835632e+08  4.667969038521566e-01  9.130436778838143e-02  2.047522089630245e-02
2.142000000000000e+08  2.973622761388751e+03  2.736957631544005e+08  4.003487190775884e-01  1.386022686881556e-01  2.039280960530573e-02
2.146000000000000e+08  2.727731669110471e+03  2.701801677617372e+08  3.363958589906140e-01  2.019650271176797e-01  2.023506203111687e-02
2.150000000000000e+08  2.507041171060735e+03  2.664778545848337e+08  2.728930234645647e-01  2.852549183970998e-01  2.015971749651749e-02
2.154000000000000e+08  2.305151571900349e+03  2.627198269552665e+08  2.141405305151603e-01  3.825341641249388e-01  2.013306892459604e-02
2.158000000000000e+08  2.115840650426765e+03  2.590665081650332e+08  1.649840204944464e-01  4.757319923230133e-01  2.028453802608376e-02
2.162000000000000e+08  1.943477042083370e+03  2.552897209192411e+08  1.227650887881389e-01  5.592122659995434e-01  2.088373413240316e-02
2.166000000000000e+08  1.786578996711292e+03  2.513647981157782e+08  8.828109431077126e-02  6.256470466198955e-01  2.083940858667528e-02
2.170000000000000e+08  1.639302963136822e+03  2.475345952788927e+08  6.258020467159130e-02  6.720301159922235e-01  2.137144548453314e-02
2.174000000000000e+08  1.501032169763356e+03  2.438230947655609e+08  4.409842466679608e-02  7.013348208909952e-01  2.068151886930910e-02
2.178000000000000e+08  1.377180968024920e+03  2.399501071743821e+08  3.010759271707344e-02  7.218111299420092e-01  1.995479711237178e-02
2.182000000000000e+08  1.261474861972478e+03  2.362000257721458e+08  2.050913560405998e-02  7.338251035426379e-01  1.930224369623468e-02
2.186000000000000e+08  1.156896361466754e+03  2.323850761255680e+08  1.370790011619547e-02  7.431763895649884e-01  1.875569569603821e-02
2.190000000000000e+08  1.060805883732305e+03  2.286066633343183e+08  9.202188252220161e-03  7.477336352165023e-01  1.863877997798643e-02
2.194000000000000e+08  9.729645721339898e+02  2.248416277070834e+08  6.269352197479580e-03  7.501162971684459e-01  1.890383780602578e-02
2.198000000000000e+08  8.887432155050311e+02  2.213755995517354e+08  4.256746060672676e-03  7.534854600380991e-01  1.848335824378939e-02
2.202000000000000e+08  8.184200986118517e+02  2.174619039918998e+08  2.780291074439024e-03  7.557537938318447e-01  1.807556472875819e-02
2.206000000000000e+08  7.523032695056371e+02  2.136794359143173e+08  1.863408357054753e-03  7.568355720806501e-01  1.765645015045956e-02
2.210000000000000e+08  6.911728874583077e+02  2.099595358350638e+08  1.295678960068516e-03  7.578739091337204e-01  1.690831576235056e-02
2.214000000000000e+08  6.341092077181338e+02  2.063501737138638e+08  9.489804719363692e-04  7.593502832559084e-01  1.535591493579396e-02
2.218000000000000e+08  5.813546718956063e+02  2.028190005731495e+08  7.314283549990618e-04  7.626138607519384e-01  1.296319819081150e-02
2.222000000000000e+08  5.353159225332087e+02  1.991132949187464e+08  5.898127074476680e-04  7.663638682099055e-01  9.830735168247780e-03
2.226000000000000e+08  4.939898195524754e+02  1.953336004059635e+08  5.027052093493947e-04  7.710671741373821e-01  6.482266590333148e-03
2.230000000000000e+08  4.541096146176820e+02  1.917606562364949e+08  4.570284104976424e-04  7.736704877685190e-01  4.247156220004947e-03
2.234000000000000e+08  4.184989640889549e+02  1.881153653563238e+08  4.321291038937370e-04  7.757380057649239e-01  2.909957452856590e-03
2.238000000000000e+08  3.855490284205636e+02  1.845125840813845e+08  3.991286309398300e-04  7.792146425166183e-01  1.614889496964343e-03
2.242000000000000e+08  3.549507153599109e+02  1.809663654254707e+08  3.776496579050582e-04  7.807008105917219e-01  8.383204568655945e-04
2.246000000000000e+08  3.273251835617985e+02  1.773826867484866e+08  3.547051266027823e-04  7.822668910009188e-01  4.278866797112101e-04
2.250000000000000e+08  3.014004586939122e+02  1.738780364613041e+08  3.311262775446433e-04  7.836302164570170e-01  1.902673302326516e-04
2.254000000000000e+08  2.777874583784833e+02  1.703636298659399e+08  3.227451954351524e-04  7.840722657148633e-01  1.304459226193070e-04
2.258000000000000e+08  2.560588450537157e+02  1.668636433598265e+08  3.150791512440253e-04  7.845532253500436e-01  8.784985648941350e-05
2.262000000000000e+08  2.361096339685990e+02  1.633687880905143e+08  3.078578649798532e-04  7.851524809317536e-01  5.679833511208329e-05
2.266000000000000e+08  2.176207136040026e+02  1.599026550560727e+08  3.010777479653340e-04  7.859344570284429e-01  3.481691549417103e-05
2.270000000000000e+08  2.004750431826762e+02  1.564658310276310e+08  2.947077940229598e-04  7.869453598939935e-01  1.984893106270493e-05
2.274000000000000e+08  1.847507413019887e+02  1.530287006196708e+08  2.886674134644385e-04  7.882396507339567e-01  1.015479518542004e-05
2.278000000000000e+08  1.702325126298867e+02  1.496041151450829e+08  2.829710074559200e-04  7.898242989337342e-01  4.401335566277283e-06
2.282000000000000e+08  1.567481889148313e+02  1.462036977160645e+08  2.776534469165599e-04  7.916291396661861e-01  1.503349898402674e-06
2.286000000000000e+08  1.442088732751378e+02  1.428310656155186e+08  2.727696336101048e-04  7.934758189291968e-01  4.068931982539942e-07
2.290000000000000e+08  1.326899681768423e+02  1.394571307087069e+08  2.683415334036463e-04  7.951955576938479e-01  9.829794159343115e-08
2.294000000000000e+08  1.216641606194250e+02  1.361751689585949e+08  2.643847096137326e-04  7.967434616326753e-01  2.634174032467781e-08
2.298000000000000e+08  1.120065122252170e+02  1.327939148169494e+08  2.606971832657210e-04  7.981968574761018e-01  8.817867612440514e-09
2.302000000000000e+08  1.027846630194869e+02  1.294801231093294e+08  2.578646122421457e-04  7.993108043293559e-01  2.974758571477756e-09
2.306000000000000e+08  9.418780263756729e+01  1.261936545510799e+08  2.564900099151050e-04  7.998615116370201e-01  4.565890893298829e-10
2.310000000000000e+08  8.625045853927625e+01  1.229166209954601e+08  2.547713428839268e-04  8.006398775126157e-01  1.113548825373769e-10
2.314000000000000e+08  7.883779611835949e+01  1.196709035930022e+08  2.517127190987833e-04  8.019608530165404e-01  4.261596788026321e-11
2.318000000000000e+08  7.202450086701457e+01  1.164266886041889e+08  2.480253127304138e-04  8.033918086495077e-01  1.666153835534987e-11
2.322000000000000e+08  6.567102896026398e+01  1.132099415184724e+08  2.442106884665955e-04  8.046442096605489e-01  6.422108480417026e-12
2.326000000000000e+08  5.981212089970864e+01  1.100009152854600e+08  2.404978598562574e-04  8.056212632806126e-01  2.443393166705305e-12
2.330000000000000e+08  5.440049250764919e+01  1.068016739768270e+08  2.370039688095029e-04  8.063273777278552e-01  9.182548134429798e-13
2.334000000000000e+08  4.899417811724757e+01  1.037739663921138e+08  2.339472085525013e-04  8.067946165378896e-01  3.549416345915195e-13
2.338000000000000e+08  4.435330041408411e+01  1.006564270590126e+08  2.311264679311207e-04  8.071272998296950e-01  1.271229774614713e-13
2.342000000000000e+08  4.005808196605111e+01  9.756322876532203e+07  2.287412741425836e-04  8.073563237027580e-01  4.129545435405563e-14
2.346000000000000e+08  3.625691224247180e+01  9.441288135262056e+07  2.267894500938097e-04  8.075263151120484e-01  1.379883179434339e-14
2.350000000000000e+08  3.279433901324520e+01  9.123597240202324e+07  2.253151348296173e-04  8.076605275747935e-01  2.888187779799616e-15
2.354000000000000e+08  2.938057665749601e+01  8.816906991067062e+07  2.243368581800729e-04  8.077617152393063e-01  2.105974015006860e-15
2.358000000000000e+08  2.624768872564885e+01  8.512191407461874e+07  2.236812272074510e-04  8.078350555024424e-01  1.001482645540522e-15
2.362000000000000e+08  2.343663636561123e+01  8.205490676688749e+07  2.231632704684352e-04  8.078893970331722e-01  5.548304602835010e-16
2.366000000000000e+08  2.080160553707603e+01  7.903815279011601e+07  2.226838694054520e-04  8.079378518549859e-01  1.246788963343624e-15
2.370000000000000e+08  1.840883493398718e+01  7.603128578194705e+07  2.222013042447500e-04  8.079934280205027e-01  0.000000000000000e+00
2.374000000000000e+08  1.628581301849221e+01  7.299267506725430e+07  2.217423548293185e-04  8.080639245035363e-01  1.029741466030597e-15
2.378000000000000e+08  1.423619861501703e+01  7.006030277523163e+07  2.214440165487126e-04  8.081319907963977e-01  8.973992432803607e-17
2.382000000000000e+08  1.244418598117341e+01  6.710132175968094e+07  2.213333506391579e-04  8.081620031579506e-01  6.088816897295847e-16
2.386000000000000e+08  1.077886544129105e+01  6.420886982277513e+07  2.212645866239297e-04  8.081783443964121e-01  6.185703089860579e-16
2.390000000000000e+08  9.329774371985582e+00  6.129310166815532e+07  2.211995266712014e-04  8.081941805533465e-01  9.879015910923170e-16
2.394000000000000e+08  8.066115006849069e+00  5.834015048221538e+07  2.211176141157303e-04  8.082249969886275e-01  5.153723596697942e-16
2.398000000000000e+08  6.850278151332412e+00  5.550508377085326e+07  2.210014240155963e-04  8.082711553597746e-01  3.929264418140544e-16
2.402000000000000e+08  5.806019396276716e+00  5.265502332951810e+07  2.210040498920165e-04  8.082705465749159e-01  5.328843638401617e-16
2.406000000000000e+08  4.880550460265559e+00  4.982964340296700e+07  2.208938796710066e-04  8.083133782928079e-01  7.849351358874041e-16
2.410000000000000e+08  4.099961692801131e+00  4.695328445860047e+07  2.207886475577328e-04  8.083498927620751e-01  5.372273859120652e-16
2.414000000000000e+08  3.369951284929867e+00  4.417408637495657e+07  2.207583156716381e-04  8.083553520412551e-01  3.630500505767949e-16
2.418000000000000e+08  2.740351285619936e+00  4.142681437354465e+07  2.207487033280948e-04  8.083583261139105e-01  6.188626033468198e-16
2.422000000000000e+08  2.212057341033704e+00  3.867796241313709e+07  2.207408729529195e-04  8.083607415271128e-01  9.938995116475558e-16
2.426000000000000e+08  1.764264737961389e+00  3.593690104368810e+07  2.207357781926404e-04  8.083623157181559e-01  2.531794516818554e-16
2.430000000000000e+08  1.379416601266318e+00  3.323707302051891e+07  2.207286343030463e-04  8.083645520622894e-01  4.754992895989131e-16
2.434000000000000e+08  1.062107116486380e+00  3.054617655612295e+07  2.207223957898268e-04  8.083667257463313e-01  7.480741441956603e-16
2.438000000000000e+08  7.986235381661506e-01  2.788658544185182e+07  2.207173783213154e-04  8.083684918208131e-01  7.143460870660809e-16
2.442000000000000e+08  5.820206540489180e-01  2.528449594614975e+07  2.207126958610436e-04  8.083701051888825e-01  1.162479796561476e-15
2.446000000000000e+08  4.153311917548145e-01  2.268687647025838e+07  2.207117700572357e-04  8.083703453652994e-01  1.648668200931519e-15
2.450000000000000e+08  2.835305680786898e-01  2.014579524462282e+07  2.207109997141396e-04  8.083706023457433e-01  8.322840448866842e-16
2.454000000000000e+08  1.872952850793970e-01  1.760414178934737e+07  2.207104702272165e-04  8.083707854866587e-01  1.320814536892913e-15
2.458000000000000e+08  1.159172961312813e-01  1.509443365659062e+07  2.207103212175805e-04  8.083708351780554e-01  5.718846948416066e-16
2.462000000000000e+08  6.270869183812242e-02  1.278432547672420e+07  2.207102668364699e-04  8.083708515375467e-01  7.202861849664573e-17
