#radius(zone center) density  temperature  C12  Ne22
508
2.000000e+05  2.224618e+09  8.235251e+08  0.400000  0.030000
6.000000e+05  2.224357e+09  8.234764e+08  0.400000  0.030000
1.000000e+06  2.223835e+09  8.233790e+08  0.400000  0.030000
1.400000e+06  2.223053e+09  8.232330e+08  0.400000  0.030000
1.800000e+06  2.222011e+09  8.230384e+08  0.400000  0.030000
2.200000e+06  2.220709e+09  8.227952e+08  0.400000  0.030000
2.600000e+06  2.219148e+09  8.225035e+08  0.400000  0.030000
3.000000e+06  2.217329e+09  8.221635e+08  0.400000  0.030000
3.400000e+06  2.215251e+09  8.217752e+08  0.400000  0.030000
3.800000e+06  2.212918e+09  8.213386e+08  0.400000  0.030000
4.200000e+06  2.210328e+09  8.208540e+08  0.400000  0.030000
4.600000e+06  2.207484e+09  8.203215e+08  0.400000  0.030000
5.000000e+06  2.204387e+09  8.197411e+08  0.400000  0.030000
5.400000e+06  2.201038e+09  8.191131e+08  0.400000  0.030000
5.800000e+06  2.197438e+09  8.184377e+08  0.400000  0.030000
6.200000e+06  2.193589e+09  8.177149e+08  0.400000  0.030000
6.600000e+06  2.189493e+09  8.169451e+08  0.400000  0.030000
7.000000e+06  2.185152e+09  8.161283e+08  0.400000  0.030000
7.400000e+06  2.180567e+09  8.152649e+08  0.400000  0.030000
7.800000e+06  2.175741e+09  8.143550e+08  0.400000  0.030000
8.200000e+06  2.170675e+09  8.133990e+08  0.400000  0.030000
8.600000e+06  2.165372e+09  8.123969e+08  0.400000  0.030000
9.000000e+06  2.159833e+09  8.113492e+08  0.400000  0.030000
9.400000e+06  2.154063e+09  8.102561e+08  0.400000  0.030000
9.800000e+06  2.148061e+09  8.091178e+08  0.400000  0.030000
1.020000e+07  2.141832e+09  8.079347e+08  0.400000  0.030000
1.060000e+07  2.135379e+09  8.067070e+08  0.400000  0.030000
1.100000e+07  2.128702e+09  8.054352e+08  0.400000  0.030000
1.140000e+07  2.121806e+09  8.041194e+08  0.400000  0.030000
1.180000e+07  2.114694e+09  8.027601e+08  0.400000  0.030000
1.220000e+07  2.107368e+09  8.013576e+08  0.400000  0.030000
1.260000e+07  2.099831e+09  7.999122e+08  0.400000  0.030000
1.300000e+07  2.092087e+09  7.984243e+08  0.400000  0.030000
1.340000e+07  2.084138e+09  7.968943e+08  0.400000  0.030000
1.380000e+07  2.075988e+09  7.953226e+08  0.400000  0.030000
1.420000e+07  2.067640e+09  7.937096e+08  0.400000  0.030000
1.460000e+07  2.059098e+09  7.920556e+08  0.400000  0.030000
1.500000e+07  2.050365e+09  7.903611e+08  0.400000  0.030000
1.540000e+07  2.041444e+09  7.886264e+08  0.400000  0.030000
1.580000e+07  2.032339e+09  7.868521e+08  0.400000  0.030000
1.620000e+07  2.023054e+09  7.850386e+08  0.400000  0.030000
1.660000e+07  2.013593e+09  7.831862e+08  0.400000  0.030000
1.700000e+07  2.003958e+09  7.812954e+08  0.400000  0.030000
1.740000e+07  1.994154e+09  7.793668e+08  0.400000  0.030000
1.780000e+07  1.984184e+09  7.774007e+08  0.400000  0.030000
1.820000e+07  1.974052e+09  7.753976e+08  0.400000  0.030000
1.860000e+07  1.963762e+09  7.733580e+08  0.400000  0.030000
1.900000e+07  1.953318e+09  7.712824e+08  0.400000  0.030000
1.940000e+07  1.942724e+09  7.691713e+08  0.400000  0.030000
1.980000e+07  1.931984e+09  7.670251e+08  0.400000  0.030000
2.020000e+07  1.921102e+09  7.648443e+08  0.400000  0.030000
2.060000e+07  1.910081e+09  7.626295e+08  0.400000  0.030000
2.100000e+07  1.898926e+09  7.603812e+08  0.400000  0.030000
2.140000e+07  1.887641e+09  7.580998e+08  0.400000  0.030000
2.180000e+07  1.876229e+09  7.557859e+08  0.400000  0.030000
2.220000e+07  1.864696e+09  7.534400e+08  0.400000  0.030000
2.260000e+07  1.853044e+09  7.510626e+08  0.400000  0.030000
2.300000e+07  1.841278e+09  7.486543e+08  0.400000  0.030000
2.340000e+07  1.829402e+09  7.462156e+08  0.400000  0.030000
2.380000e+07  1.817419e+09  7.437470e+08  0.400000  0.030000
2.420000e+07  1.805335e+09  7.412490e+08  0.400000  0.030000
2.460000e+07  1.793153e+09  7.387222e+08  0.400000  0.030000
2.500000e+07  1.780876e+09  7.361672e+08  0.400000  0.030000
2.540000e+07  1.768509e+09  7.335844e+08  0.400000  0.030000
2.580000e+07  1.756056e+09  7.309745e+08  0.400000  0.030000
2.620000e+07  1.743521e+09  7.283379e+08  0.400000  0.030000
2.660000e+07  1.730908e+09  7.256752e+08  0.400000  0.030000
2.700000e+07  1.718220e+09  7.229870e+08  0.400000  0.030000
2.740000e+07  1.705461e+09  7.202738e+08  0.400000  0.030000
2.780000e+07  1.692637e+09  7.175362e+08  0.400000  0.030000
2.820000e+07  1.679749e+09  7.147746e+08  0.400000  0.030000
2.860000e+07  1.666803e+09  7.119898e+08  0.400000  0.030000
2.900000e+07  1.653802e+09  7.091821e+08  0.400000  0.030000
2.940000e+07  1.640749e+09  7.063522e+08  0.400000  0.030000
2.980000e+07  1.627650e+09  7.035006e+08  0.400000  0.030000
3.020000e+07  1.614507e+09  7.006279e+08  0.400000  0.030000
3.060000e+07  1.601324e+09  6.977346e+08  0.400000  0.030000
3.100000e+07  1.588105e+09  6.948213e+08  0.400000  0.030000
3.140000e+07  1.574853e+09  6.918885e+08  0.400000  0.030000
3.180000e+07  1.561572e+09  6.889367e+08  0.400000  0.030000
3.220000e+07  1.548265e+09  6.859666e+08  0.400000  0.030000
3.260000e+07  1.534937e+09  6.829786e+08  0.400000  0.030000
3.300000e+07  1.521590e+09  6.799733e+08  0.400000  0.030000
3.340000e+07  1.508228e+09  6.769512e+08  0.400000  0.030000
3.380000e+07  1.494854e+09  6.739129e+08  0.400000  0.030000
3.420000e+07  1.481472e+09  6.708589e+08  0.400000  0.030000
3.460000e+07  1.468084e+09  6.677898e+08  0.400000  0.030000
3.500000e+07  1.454695e+09  6.647060e+08  0.400000  0.030000
3.540000e+07  1.441307e+09  6.616081e+08  0.400000  0.030000
3.580000e+07  1.427923e+09  6.584966e+08  0.400000  0.030000
3.620000e+07  1.414546e+09  6.553721e+08  0.400000  0.030000
3.660000e+07  1.401179e+09  6.522350e+08  0.400000  0.030000
3.700000e+07  1.387825e+09  6.490859e+08  0.400000  0.030000
3.740000e+07  1.374486e+09  6.459253e+08  0.400000  0.030000
3.780000e+07  1.361167e+09  6.427536e+08  0.400000  0.030000
3.820000e+07  1.347869e+09  6.395715e+08  0.400000  0.030000
3.860000e+07  1.334594e+09  6.363793e+08  0.400000  0.030000
3.900000e+07  1.321347e+09  6.331776e+08  0.400000  0.030000
3.940000e+07  1.308129e+09  6.299668e+08  0.400000  0.030000
3.980000e+07  1.294943e+09  6.267475e+08  0.400000  0.030000
4.020000e+07  1.281791e+09  6.235201e+08  0.400000  0.030000
4.060000e+07  1.268677e+09  6.202852e+08  0.400000  0.030000
4.100000e+07  1.255602e+09  6.170431e+08  0.400000  0.030000
4.140000e+07  1.242569e+09  6.137944e+08  0.400000  0.030000
4.180000e+07  1.229579e+09  6.105395e+08  0.400000  0.030000
4.220000e+07  1.216635e+09  6.072788e+08  0.400000  0.030000
4.260000e+07  1.203740e+09  6.040129e+08  0.400000  0.030000
4.300000e+07  1.190896e+09  6.007422e+08  0.400000  0.030000
4.340000e+07  1.178104e+09  5.974671e+08  0.400000  0.030000
4.380000e+07  1.165367e+09  5.941880e+08  0.400000  0.030000
4.420000e+07  1.152686e+09  5.909055e+08  0.400000  0.030000
4.460000e+07  1.140063e+09  5.876198e+08  0.400000  0.030000
4.500000e+07  1.127500e+09  5.843315e+08  0.400000  0.030000
4.540000e+07  1.114998e+09  5.810410e+08  0.400000  0.030000
4.580000e+07  1.102560e+09  5.777486e+08  0.400000  0.030000
4.620000e+07  1.090186e+09  5.744548e+08  0.400000  0.030000
4.660000e+07  1.077879e+09  5.711600e+08  0.400000  0.030000
4.700000e+07  1.065639e+09  5.678645e+08  0.400000  0.030000
4.740000e+07  1.053469e+09  5.645688e+08  0.400000  0.030000
4.780000e+07  1.041370e+09  5.612732e+08  0.400000  0.030000
4.820000e+07  1.029342e+09  5.579781e+08  0.400000  0.030000
4.860000e+07  1.017388e+09  5.546839e+08  0.400000  0.030000
4.900000e+07  1.005510e+09  5.513909e+08  0.400000  0.030000
4.940000e+07  9.937066e+08  5.480996e+08  0.400000  0.030000
4.980000e+07  9.819805e+08  5.448102e+08  0.400000  0.030000
5.020000e+07  9.703327e+08  5.415232e+08  0.400000  0.030000
5.060000e+07  9.587642e+08  5.382388e+08  0.400000  0.030000
5.100000e+07  9.472762e+08  5.349574e+08  0.400000  0.030000
5.140000e+07  9.358696e+08  5.316793e+08  0.400000  0.030000
5.180000e+07  9.245454e+08  5.284049e+08  0.400000  0.030000
5.220000e+07  9.133042e+08  5.251345e+08  0.400000  0.030000
5.260000e+07  9.021469e+08  5.218684e+08  0.400000  0.030000
5.300000e+07  8.910740e+08  5.186068e+08  0.400000  0.030000
5.340000e+07  8.800863e+08  5.153502e+08  0.400000  0.030000
5.380000e+07  8.691843e+08  5.120988e+08  0.400000  0.030000
5.420000e+07  8.583686e+08  5.088529e+08  0.400000  0.030000
5.460000e+07  8.476398e+08  5.056127e+08  0.400000  0.030000
5.500000e+07  8.369986e+08  5.023786e+08  0.400000  0.030000
5.540000e+07  8.264453e+08  4.991508e+08  0.400000  0.030000
5.580000e+07  8.159806e+08  4.959297e+08  0.400000  0.030000
5.620000e+07  8.056050e+08  4.927153e+08  0.400000  0.030000
5.660000e+07  7.953191e+08  4.895081e+08  0.400000  0.030000
5.700000e+07  7.851227e+08  4.863083e+08  0.400000  0.030000
5.740000e+07  7.750163e+08  4.831161e+08  0.400000  0.030000
5.780000e+07  7.650003e+08  4.799317e+08  0.400000  0.030000
5.820000e+07  7.550752e+08  4.767554e+08  0.400000  0.030000
5.860000e+07  7.452410e+08  4.735875e+08  0.400000  0.030000
5.900000e+07  7.354980e+08  4.704281e+08  0.400000  0.030000
5.940000e+07  7.258463e+08  4.672775e+08  0.400000  0.030000
5.980000e+07  7.162858e+08  4.641359e+08  0.400000  0.030000
6.020000e+07  7.068166e+08  4.610035e+08  0.400000  0.030000
6.060000e+07  6.974386e+08  4.578805e+08  0.400000  0.030000
6.100000e+07  6.881518e+08  4.547671e+08  0.400000  0.030000
6.140000e+07  6.789561e+08  4.516634e+08  0.400000  0.030000
6.180000e+07  6.698515e+08  4.485698e+08  0.400000  0.030000
6.220000e+07  6.608379e+08  4.454863e+08  0.400000  0.030000
6.260000e+07  6.519154e+08  4.424131e+08  0.400000  0.030000
6.300000e+07  6.430839e+08  4.393505e+08  0.400000  0.030000
6.340000e+07  6.343433e+08  4.362985e+08  0.400000  0.030000
6.380000e+07  6.256933e+08  4.332574e+08  0.400000  0.030000
6.420000e+07  6.171336e+08  4.302273e+08  0.400000  0.030000
6.460000e+07  6.086642e+08  4.272083e+08  0.400000  0.030000
6.500000e+07  6.002849e+08  4.242007e+08  0.400000  0.030000
6.540000e+07  5.919956e+08  4.212045e+08  0.400000  0.030000
6.580000e+07  5.837958e+08  4.182199e+08  0.400000  0.030000
6.620000e+07  5.756853e+08  4.152470e+08  0.400000  0.030000
6.660000e+07  5.676636e+08  4.122860e+08  0.400000  0.030000
6.700000e+07  5.597304e+08  4.093370e+08  0.400000  0.030000
6.740000e+07  5.518851e+08  4.064001e+08  0.400000  0.030000
6.780000e+07  5.441274e+08  4.034755e+08  0.400000  0.030000
6.820000e+07  5.364568e+08  4.005632e+08  0.400000  0.030000
6.860000e+07  5.288730e+08  3.976633e+08  0.400000  0.030000
6.900000e+07  5.213755e+08  3.947760e+08  0.400000  0.030000
6.940000e+07  5.139640e+08  3.919014e+08  0.400000  0.030000
6.980000e+07  5.066381e+08  3.890395e+08  0.400000  0.030000
7.020000e+07  4.993974e+08  3.861905e+08  0.400000  0.030000
7.060000e+07  4.922412e+08  3.833544e+08  0.400000  0.030000
7.100000e+07  4.851690e+08  3.805313e+08  0.400000  0.030000
7.140000e+07  4.781805e+08  3.777214e+08  0.400000  0.030000
7.180000e+07  4.712753e+08  3.749247e+08  0.400000  0.030000
7.220000e+07  4.644528e+08  3.721412e+08  0.400000  0.030000
7.260000e+07  4.577124e+08  3.693711e+08  0.400000  0.030000
7.300000e+07  4.510534e+08  3.666144e+08  0.400000  0.030000
7.340000e+07  4.444754e+08  3.638711e+08  0.400000  0.030000
7.380000e+07  4.379775e+08  3.611415e+08  0.400000  0.030000
7.420000e+07  4.315592e+08  3.584254e+08  0.400000  0.030000
7.460000e+07  4.252199e+08  3.557229e+08  0.400000  0.030000
7.500000e+07  4.189591e+08  3.530342e+08  0.400000  0.030000
7.540000e+07  4.127761e+08  3.503592e+08  0.400000  0.030000
7.580000e+07  4.066704e+08  3.476979e+08  0.400000  0.030000
7.620000e+07  4.006415e+08  3.450506e+08  0.400000  0.030000
7.660000e+07  3.946888e+08  3.424170e+08  0.400000  0.030000
7.700000e+07  3.888113e+08  3.397974e+08  0.400000  0.030000
7.740000e+07  3.830088e+08  3.371918e+08  0.400000  0.030000
7.780000e+07  3.772806e+08  3.346001e+08  0.400000  0.030000
7.820000e+07  3.716261e+08  3.320224e+08  0.400000  0.030000
7.860000e+07  3.660446e+08  3.294588e+08  0.400000  0.030000
7.900000e+07  3.605354e+08  3.269092e+08  0.400000  0.030000
7.940000e+07  3.550979e+08  3.243737e+08  0.400000  0.030000
7.980000e+07  3.497313e+08  3.218523e+08  0.400000  0.030000
8.020000e+07  3.444349e+08  3.193450e+08  0.400000  0.030000
8.060000e+07  3.392081e+08  3.168518e+08  0.400000  0.030000
8.100000e+07  3.340501e+08  3.143727e+08  0.400000  0.030000
8.140000e+07  3.289605e+08  3.119077e+08  0.400000  0.030000
8.180000e+07  3.239384e+08  3.094569e+08  0.400000  0.030000
8.220000e+07  3.189835e+08  3.070202e+08  0.400000  0.030000
8.260000e+07  3.140949e+08  3.045976e+08  0.400000  0.030000
8.300000e+07  3.092719e+08  3.021892e+08  0.400000  0.030000
8.340000e+07  3.045140e+08  2.997949e+08  0.400000  0.030000
8.380000e+07  2.998205e+08  2.974148e+08  0.400000  0.030000
8.420000e+07  2.951909e+08  2.950487e+08  0.400000  0.030000
8.460000e+07  2.906244e+08  2.926968e+08  0.400000  0.030000
8.500000e+07  2.861203e+08  2.903590e+08  0.400000  0.030000
8.540000e+07  2.816780e+08  2.880353e+08  0.400000  0.030000
8.580000e+07  2.772966e+08  2.857256e+08  0.400000  0.030000
8.620000e+07  2.729756e+08  2.834300e+08  0.400000  0.030000
8.660000e+07  2.687142e+08  2.811484e+08  0.400000  0.030000
8.700000e+07  2.645119e+08  2.788808e+08  0.400000  0.030000
8.740000e+07  2.603679e+08  2.766273e+08  0.400000  0.030000
8.780000e+07  2.562817e+08  2.743876e+08  0.400000  0.030000
8.820000e+07  2.522527e+08  2.721620e+08  0.400000  0.030000
8.860000e+07  2.482803e+08  2.699502e+08  0.400000  0.030000
8.900000e+07  2.443636e+08  2.677523e+08  0.400000  0.030000
8.940000e+07  2.405022e+08  2.655683e+08  0.400000  0.030000
8.980000e+07  2.366954e+08  2.633980e+08  0.400000  0.030000
9.020000e+07  2.329428e+08  2.612416e+08  0.400000  0.030000
9.060000e+07  2.292435e+08  2.590990e+08  0.400000  0.030000
9.100000e+07  2.255969e+08  2.569700e+08  0.400000  0.030000
9.140000e+07  2.220024e+08  2.548548e+08  0.400000  0.030000
9.180000e+07  2.184593e+08  2.527532e+08  0.400000  0.030000
9.220000e+07  2.149670e+08  2.506652e+08  0.400000  0.030000
9.260000e+07  2.115248e+08  2.485907e+08  0.400000  0.030000
9.300000e+07  2.081322e+08  2.465298e+08  0.400000  0.030000
9.340000e+07  2.047886e+08  2.444824e+08  0.400000  0.030000
9.380000e+07  2.014935e+08  2.424484e+08  0.400000  0.030000
9.420000e+07  1.982462e+08  2.404278e+08  0.400000  0.030000
9.460000e+07  1.950461e+08  2.384205e+08  0.400000  0.030000
9.500000e+07  1.918927e+08  2.364265e+08  0.400000  0.030000
9.540000e+07  1.887854e+08  2.344458e+08  0.400000  0.030000
9.580000e+07  1.857237e+08  2.324783e+08  0.400000  0.030000
9.620000e+07  1.827070e+08  2.305239e+08  0.400000  0.030000
9.660000e+07  1.797346e+08  2.285827e+08  0.400000  0.030000
9.700000e+07  1.768061e+08  2.266545e+08  0.400000  0.030000
9.740000e+07  1.739207e+08  2.247393e+08  0.400000  0.030000
9.780000e+07  1.710779e+08  2.228371e+08  0.400000  0.030000
9.820000e+07  1.682773e+08  2.209478e+08  0.400000  0.030000
9.860000e+07  1.655181e+08  2.190712e+08  0.400000  0.030000
9.900000e+07  1.628000e+08  2.172075e+08  0.400000  0.030000
9.940000e+07  1.601224e+08  2.153565e+08  0.400000  0.030000
9.980000e+07  1.574848e+08  2.135182e+08  0.400000  0.030000
1.002000e+08  1.548866e+08  2.116925e+08  0.400000  0.030000
1.006000e+08  1.523274e+08  2.098794e+08  0.400000  0.030000
1.010000e+08  1.498066e+08  2.080787e+08  0.400000  0.030000
1.014000e+08  1.473238e+08  2.062906e+08  0.400000  0.030000
1.018000e+08  1.448785e+08  2.045148e+08  0.400000  0.030000
1.022000e+08  1.424700e+08  2.027513e+08  0.400000  0.030000
1.026000e+08  1.400980e+08  2.010001e+08  0.400000  0.030000
1.030000e+08  1.377619e+08  1.992611e+08  0.400000  0.030000
1.034000e+08  1.354611e+08  1.975343e+08  0.400000  0.030000
1.038000e+08  1.331952e+08  1.958196e+08  0.400000  0.030000
1.042000e+08  1.309638e+08  1.941169e+08  0.400000  0.030000
1.046000e+08  1.287664e+08  1.924261e+08  0.400000  0.030000
1.050000e+08  1.266025e+08  1.907472e+08  0.400000  0.030000
1.054000e+08  1.244717e+08  1.890802e+08  0.400000  0.030000
1.058000e+08  1.223736e+08  1.874250e+08  0.400000  0.030000
1.062000e+08  1.203076e+08  1.857814e+08  0.400000  0.030000
1.066000e+08  1.182734e+08  1.841496e+08  0.400000  0.030000
1.070000e+08  1.162705e+08  1.825293e+08  0.400000  0.030000
1.074000e+08  1.142985e+08  1.809205e+08  0.400000  0.030000
1.078000e+08  1.123569e+08  1.793232e+08  0.400000  0.030000
1.082000e+08  1.104453e+08  1.777373e+08  0.400000  0.030000
1.086000e+08  1.085633e+08  1.761628e+08  0.400000  0.030000
1.090000e+08  1.067103e+08  1.745995e+08  0.400000  0.030000
1.094000e+08  1.048861e+08  1.730474e+08  0.400000  0.030000
1.098000e+08  1.030902e+08  1.715065e+08  0.400000  0.030000
1.102000e+08  1.013223e+08  1.699766e+08  0.400000  0.030000
1.106000e+08  9.958188e+07  1.684577e+08  0.400000  0.030000
1.110000e+08  9.786861e+07  1.669498e+08  0.400000  0.030000
1.114000e+08  9.618211e+07  1.654528e+08  0.400000  0.030000
1.118000e+08  9.452202e+07  1.639665e+08  0.400000  0.030000
1.122000e+08  9.288798e+07  1.624911e+08  0.400000  0.030000
1.126000e+08  9.127960e+07  1.610263e+08  0.400000  0.030000
1.130000e+08  8.969648e+07  1.595721e+08  0.400000  0.030000
1.134000e+08  8.813825e+07  1.581285e+08  0.400000  0.030000
1.138000e+08  8.660453e+07  1.566954e+08  0.400000  0.030000
1.142000e+08  8.509496e+07  1.552728e+08  0.400000  0.030000
1.146000e+08  8.360918e+07  1.538604e+08  0.400000  0.030000
1.150000e+08  8.214687e+07  1.524584e+08  0.400000  0.030000
1.154000e+08  8.070770e+07  1.510666e+08  0.400000  0.030000
1.158000e+08  7.929136e+07  1.496850e+08  0.400000  0.030000
1.162000e+08  7.789745e+07  1.483134e+08  0.400000  0.030000
1.166000e+08  7.652569e+07  1.469519e+08  0.400000  0.030000
1.170000e+08  7.517578e+07  1.456004e+08  0.400000  0.030000
1.174000e+08  7.384739e+07  1.442588e+08  0.400000  0.030000
1.178000e+08  7.254020e+07  1.429270e+08  0.400000  0.030000
1.182000e+08  7.125389e+07  1.416050e+08  0.400000  0.030000
1.186000e+08  6.998813e+07  1.402928e+08  0.400000  0.030000
1.190000e+08  6.874260e+07  1.389901e+08  0.400000  0.030000
1.194000e+08  6.751700e+07  1.376971e+08  0.400000  0.030000
1.198000e+08  6.630663e+07  1.000000e+08  0.500000  0.020000
1.202000e+08  6.511792e+07  1.000000e+08  0.500000  0.020000
1.206000e+08  6.394840e+07  1.000000e+08  0.500000  0.020000
1.210000e+08  6.279779e+07  1.000000e+08  0.500000  0.020000
1.214000e+08  6.166577e+07  1.000000e+08  0.500000  0.020000
1.218000e+08  6.055209e+07  1.000000e+08  0.500000  0.020000
1.222000e+08  5.945649e+07  1.000000e+08  0.500000  0.020000
1.226000e+08  5.837869e+07  1.000000e+08  0.500000  0.020000
1.230000e+08  5.731844e+07  1.000000e+08  0.500000  0.020000
1.234000e+08  5.627543e+07  1.000000e+08  0.500000  0.020000
1.238000e+08  5.524941e+07  1.000000e+08  0.500000  0.020000
1.242000e+08  5.424010e+07  1.000000e+08  0.500000  0.020000
1.246000e+08  5.324724e+07  1.000000e+08  0.500000  0.020000
1.250000e+08  5.227060e+07  1.000000e+08  0.500000  0.020000
1.254000e+08  5.130993e+07  1.000000e+08  0.500000  0.020000
1.258000e+08  5.036501e+07  1.000000e+08  0.500000  0.020000
1.262000e+08  4.943559e+07  1.000000e+08  0.500000  0.020000
1.266000e+08  4.852142e+07  1.000000e+08  0.500000  0.020000
1.270000e+08  4.762229e+07  1.000000e+08  0.500000  0.020000
1.274000e+08  4.673799e+07  1.000000e+08  0.500000  0.020000
1.278000e+08  4.586827e+07  1.000000e+08  0.500000  0.020000
1.282000e+08  4.501291e+07  1.000000e+08  0.500000  0.020000
1.286000e+08  4.417167e+07  1.000000e+08  0.500000  0.020000
1.290000e+08  4.334434e+07  1.000000e+08  0.500000  0.020000
1.294000e+08  4.253068e+07  1.000000e+08  0.500000  0.020000
1.298000e+08  4.173049e+07  1.000000e+08  0.500000  0.020000
1.302000e+08  4.094358e+07  1.000000e+08  0.500000  0.020000
1.306000e+08  4.016974e+07  1.000000e+08  0.500000  0.020000
1.310000e+08  3.940878e+07  1.000000e+08  0.500000  0.020000
1.314000e+08  3.866049e+07  1.000000e+08  0.500000  0.020000
1.318000e+08  3.792468e+07  1.000000e+08  0.500000  0.020000
1.322000e+08  3.720117e+07  1.000000e+08  0.500000  0.020000
1.326000e+08  3.648977e+07  1.000000e+08  0.500000  0.020000
1.330000e+08  3.579028e+07  1.000000e+08  0.500000  0.020000
1.334000e+08  3.510251e+07  1.000000e+08  0.500000  0.020000
1.338000e+08  3.442627e+07  1.000000e+08  0.500000  0.020000
1.342000e+08  3.376138e+07  1.000000e+08  0.500000  0.020000
1.346000e+08  3.310765e+07  1.000000e+08  0.500000  0.020000
1.350000e+08  3.246493e+07  1.000000e+08  0.500000  0.020000
1.354000e+08  3.183306e+07  1.000000e+08  0.500000  0.020000
1.358000e+08  3.121185e+07  1.000000e+08  0.500000  0.020000
1.362000e+08  3.060113e+07  1.000000e+08  0.500000  0.020000
1.366000e+08  3.000076e+07  1.000000e+08  0.500000  0.020000
1.370000e+08  2.941059e+07  1.000000e+08  0.500000  0.020000
1.374000e+08  2.883044e+07  1.000000e+08  0.500000  0.020000
1.378000e+08  2.826015e+07  1.000000e+08  0.500000  0.020000
1.382000e+08  2.769956e+07  1.000000e+08  0.500000  0.020000
1.386000e+08  2.714852e+07  1.000000e+08  0.500000  0.020000
1.390000e+08  2.660686e+07  1.000000e+08  0.500000  0.020000
1.394000e+08  2.607446e+07  1.000000e+08  0.500000  0.020000
1.398000e+08  2.555116e+07  1.000000e+08  0.500000  0.020000
1.402000e+08  2.503684e+07  1.000000e+08  0.500000  0.020000
1.406000e+08  2.453133e+07  1.000000e+08  0.500000  0.020000
1.410000e+08  2.403451e+07  1.000000e+08  0.500000  0.020000
1.414000e+08  2.354626e+07  1.000000e+08  0.500000  0.020000
1.418000e+08  2.306643e+07  1.000000e+08  0.500000  0.020000
1.422000e+08  2.259488e+07  1.000000e+08  0.500000  0.020000
1.426000e+08  2.213149e+07  1.000000e+08  0.500000  0.020000
1.430000e+08  2.167611e+07  1.000000e+08  0.500000  0.020000
1.434000e+08  2.122862e+07  1.000000e+08  0.500000  0.020000
1.438000e+08  2.078889e+07  1.000000e+08  0.500000  0.020000
1.442000e+08  2.035680e+07  1.000000e+08  0.500000  0.020000
1.446000e+08  1.993225e+07  1.000000e+08  0.500000  0.020000
1.450000e+08  1.951510e+07  1.000000e+08  0.500000  0.020000
1.454000e+08  1.910524e+07  1.000000e+08  0.500000  0.020000
1.458000e+08  1.870257e+07  1.000000e+08  0.500000  0.020000
1.462000e+08  1.830696e+07  1.000000e+08  0.500000  0.020000
1.466000e+08  1.791831e+07  1.000000e+08  0.500000  0.020000
1.470000e+08  1.753650e+07  1.000000e+08  0.500000  0.020000
1.474000e+08  1.716140e+07  1.000000e+08  0.500000  0.020000
1.478000e+08  1.679292e+07  1.000000e+08  0.500000  0.020000
1.482000e+08  1.643096e+07  1.000000e+08  0.500000  0.020000
1.486000e+08  1.607540e+07  1.000000e+08  0.500000  0.020000
1.490000e+08  1.572617e+07  1.000000e+08  0.500000  0.020000
1.494000e+08  1.538313e+07  1.000000e+08  0.500000  0.020000
1.498000e+08  1.504622e+07  1.000000e+08  0.500000  0.020000
1.502000e+08  1.471532e+07  1.000000e+08  0.500000  0.020000
1.506000e+08  1.439036e+07  1.000000e+08  0.500000  0.020000
1.510000e+08  1.407121e+07  1.000000e+08  0.500000  0.020000
1.514000e+08  1.375779e+07  1.000000e+08  0.500000  0.020000
1.518000e+08  1.345001e+07  1.000000e+08  0.500000  0.020000
1.522000e+08  1.314777e+07  1.000000e+08  0.500000  0.020000
1.526000e+08  1.285099e+07  1.000000e+08  0.500000  0.020000
1.530000e+08  1.255959e+07  1.000000e+08  0.500000  0.020000
1.534000e+08  1.227347e+07  1.000000e+08  0.500000  0.020000
1.538000e+08  1.199255e+07  1.000000e+08  0.500000  0.020000
1.542000e+08  1.171676e+07  1.000000e+08  0.500000  0.020000
1.546000e+08  1.144602e+07  1.000000e+08  0.500000  0.020000
1.550000e+08  1.118023e+07  1.000000e+08  0.500000  0.020000
1.554000e+08  1.091932e+07  1.000000e+08  0.500000  0.020000
1.558000e+08  1.066320e+07  1.000000e+08  0.500000  0.020000
1.562000e+08  1.041180e+07  1.000000e+08  0.500000  0.020000
1.566000e+08  1.016505e+07  1.000000e+08  0.500000  0.020000
1.570000e+08  9.922868e+06  1.000000e+08  0.500000  0.020000
1.574000e+08  9.685185e+06  1.000000e+08  0.500000  0.020000
1.578000e+08  9.451932e+06  1.000000e+08  0.500000  0.020000
1.582000e+08  9.223040e+06  1.000000e+08  0.500000  0.020000
1.586000e+08  8.998437e+06  1.000000e+08  0.500000  0.020000
1.590000e+08  8.778050e+06  1.000000e+08  0.500000  0.020000
1.594000e+08  8.561809e+06  1.000000e+08  0.500000  0.020000
1.598000e+08  8.349647e+06  1.000000e+08  0.500000  0.020000
1.602000e+08  8.141499e+06  1.000000e+08  0.500000  0.020000
1.606000e+08  7.937306e+06  1.000000e+08  0.500000  0.020000
1.610000e+08  7.737001e+06  1.000000e+08  0.500000  0.020000
1.614000e+08  7.540523e+06  1.000000e+08  0.500000  0.020000
1.618000e+08  7.347815e+06  1.000000e+08  0.500000  0.020000
1.622000e+08  7.158814e+06  1.000000e+08  0.500000  0.020000
1.626000e+08  6.973458e+06  1.000000e+08  0.500000  0.020000
1.630000e+08  6.791686e+06  1.000000e+08  0.500000  0.020000
1.634000e+08  6.613439e+06  1.000000e+08  0.500000  0.020000
1.638000e+08  6.438662e+06  1.000000e+08  0.500000  0.020000
1.642000e+08  6.267303e+06  1.000000e+08  0.500000  0.020000
1.646000e+08  6.099304e+06  1.000000e+08  0.500000  0.020000
1.650000e+08  5.934615e+06  1.000000e+08  0.500000  0.020000
1.654000e+08  5.773184e+06  1.000000e+08  0.500000  0.020000
1.658000e+08  5.614956e+06  1.000000e+08  0.500000  0.020000
1.662000e+08  5.459877e+06  1.000000e+08  0.500000  0.020000
1.666000e+08  5.307895e+06  1.000000e+08  0.500000  0.020000
1.670000e+08  5.158961e+06  1.000000e+08  0.500000  0.020000
1.674000e+08  5.013029e+06  1.000000e+08  0.500000  0.020000
1.678000e+08  4.870049e+06  1.000000e+08  0.500000  0.020000
1.682000e+08  4.729977e+06  1.000000e+08  0.500000  0.020000
1.686000e+08  4.592766e+06  1.000000e+08  0.500000  0.020000
1.690000e+08  4.458371e+06  1.000000e+08  0.500000  0.020000
1.694000e+08  4.326742e+06  1.000000e+08  0.500000  0.020000
1.698000e+08  4.197835e+06  1.000000e+08  0.500000  0.020000
1.702000e+08  4.071607e+06  1.000000e+08  0.500000  0.020000
1.706000e+08  3.948017e+06  1.000000e+08  0.500000  0.020000
1.710000e+08  3.827022e+06  1.000000e+08  0.500000  0.020000
1.714000e+08  3.708583e+06  1.000000e+08  0.500000  0.020000
1.718000e+08  3.592661e+06  1.000000e+08  0.500000  0.020000
1.722000e+08  3.479211e+06  1.000000e+08  0.500000  0.020000
1.726000e+08  3.368194e+06  1.000000e+08  0.500000  0.020000
1.730000e+08  3.259570e+06  1.000000e+08  0.500000  0.020000
1.734000e+08  3.153303e+06  1.000000e+08  0.500000  0.020000
1.738000e+08  3.049357e+06  1.000000e+08  0.500000  0.020000
1.742000e+08  2.947695e+06  1.000000e+08  0.500000  0.020000
1.746000e+08  2.848283e+06  1.000000e+08  0.500000  0.020000
1.750000e+08  2.751083e+06  1.000000e+08  0.500000  0.020000
1.754000e+08  2.656058e+06  1.000000e+08  0.500000  0.020000
1.758000e+08  2.563174e+06  1.000000e+08  0.500000  0.020000
1.762000e+08  2.472400e+06  1.000000e+08  0.500000  0.020000
1.766000e+08  2.383703e+06  1.000000e+08  0.500000  0.020000
1.770000e+08  2.297052e+06  1.000000e+08  0.500000  0.020000
1.774000e+08  2.212414e+06  1.000000e+08  0.500000  0.020000
1.778000e+08  2.129756e+06  1.000000e+08  0.500000  0.020000
1.782000e+08  2.049047e+06  1.000000e+08  0.500000  0.020000
1.786000e+08  1.970259e+06  1.000000e+08  0.500000  0.020000
1.790000e+08  1.893362e+06  1.000000e+08  0.500000  0.020000
1.794000e+08  1.818330e+06  1.000000e+08  0.500000  0.020000
1.798000e+08  1.745132e+06  1.000000e+08  0.500000  0.020000
1.802000e+08  1.673739e+06  1.000000e+08  0.500000  0.020000
1.806000e+08  1.604125e+06  1.000000e+08  0.500000  0.020000
1.810000e+08  1.536263e+06  1.000000e+08  0.500000  0.020000
1.814000e+08  1.470129e+06  1.000000e+08  0.500000  0.020000
1.818000e+08  1.405697e+06  1.000000e+08  0.500000  0.020000
1.822000e+08  1.342942e+06  1.000000e+08  0.500000  0.020000
1.826000e+08  1.281837e+06  1.000000e+08  0.500000  0.020000
1.830000e+08  1.222360e+06  1.000000e+08  0.500000  0.020000
1.834000e+08  1.164490e+06  1.000000e+08  0.500000  0.020000
1.838000e+08  1.108204e+06  1.000000e+08  0.500000  0.020000
1.842000e+08  1.053477e+06  1.000000e+08  0.500000  0.020000
1.846000e+08  1.000289e+06  1.000000e+08  0.500000  0.020000
1.850000e+08  9.486197e+05  1.000000e+08  0.500000  0.020000
1.854000e+08  8.984503e+05  1.000000e+08  0.500000  0.020000
1.858000e+08  8.497597e+05  1.000000e+08  0.500000  0.020000
1.862000e+08  8.025280e+05  1.000000e+08  0.500000  0.020000
1.866000e+08  7.567383e+05  1.000000e+08  0.500000  0.020000
1.870000e+08  7.123743e+05  1.000000e+08  0.500000  0.020000
1.874000e+08  6.694178e+05  1.000000e+08  0.500000  0.020000
1.878000e+08  6.278520e+05  1.000000e+08  0.500000  0.020000
1.882000e+08  5.876629e+05  1.000000e+08  0.500000  0.020000
1.886000e+08  5.488371e+05  1.000000e+08  0.500000  0.020000
1.890000e+08  5.113589e+05  1.000000e+08  0.500000  0.020000
1.894000e+08  4.752167e+05  1.000000e+08  0.500000  0.020000
1.898000e+08  4.404006e+05  1.000000e+08  0.500000  0.020000
1.902000e+08  4.068981e+05  1.000000e+08  0.500000  0.020000
1.906000e+08  3.747010e+05  1.000000e+08  0.500000  0.020000
1.910000e+08  3.438032e+05  1.000000e+08  0.500000  0.020000
1.914000e+08  3.141964e+05  1.000000e+08  0.500000  0.020000
1.918000e+08  2.858781e+05  1.000000e+08  0.500000  0.020000
1.922000e+08  2.588462e+05  1.000000e+08  0.500000  0.020000
1.926000e+08  2.331004e+05  1.000000e+08  0.500000  0.020000
1.930000e+08  2.086455e+05  1.000000e+08  0.500000  0.020000
1.934000e+08  1.854866e+05  1.000000e+08  0.500000  0.020000
1.938000e+08  1.636362e+05  1.000000e+08  0.500000  0.020000
1.942000e+08  1.431084e+05  1.000000e+08  0.500000  0.020000
1.946000e+08  1.239245e+05  1.000000e+08  0.500000  0.020000
1.950000e+08  1.061111e+05  1.000000e+08  0.500000  0.020000
1.954000e+08  8.969983e+04  1.000000e+08  0.500000  0.020000
1.958000e+08  7.472874e+04  1.000000e+08  0.500000  0.020000
1.962000e+08  6.123848e+04  1.000000e+08  0.500000  0.020000
1.966000e+08  4.926710e+04  1.000000e+08  0.500000  0.020000
1.970000e+08  3.884234e+04  1.000000e+08  0.500000  0.020000
1.974000e+08  2.996933e+04  1.000000e+08  0.500000  0.020000
1.978000e+08  2.261597e+04  1.000000e+08  0.500000  0.020000
1.982000e+08  1.670031e+04  1.000000e+08  0.500000  0.020000
1.986000e+08  1.262263e+04  9.390463e+07  0.500000  0.020000
1.990000e+08  9.277470e+03  8.778045e+07  0.500000  0.020000
1.994000e+08  6.603649e+03  8.164506e+07  0.500000  0.020000
1.998000e+08  4.530280e+03  7.551965e+07  0.500000  0.020000
2.002000e+08  2.978606e+03  6.942906e+07  0.500000  0.020000
2.006000e+08  1.864369e+03  6.340144e+07  0.500000  0.020000
2.010000e+08  1.101846e+03  5.746793e+07  0.500000  0.020000
2.014000e+08  6.085534e+02  5.166246e+07  0.500000  0.020000
2.018000e+08  3.099504e+02  4.602178e+07  0.500000  0.020000
2.022000e+08  1.430190e+02  4.058613e+07  0.500000  0.020000
2.026000e+08  5.836524e+01  3.540166e+07  0.500000  0.020000
2.030000e+08  2.039454e+01  3.052586e+07  0.500000  0.020000
